100
667645217690396839535070431567054566037249421723987251821780658177021470130201903609718704997158602169467252815198867649414966249279195788489329794467233968574403956655936990999890029083246589177918631958694752637908656135980810036469460127444
69064563040980507668467698152751502710024178396805860488105328405455522735715919205303865203311620893535626425957463927798892242975752597649405110617356802505464998683994822432044150277137370336736991427711194688383397324534608620908600169413737463917703857194840145261701797073819793597134567879431614710030385881564383109438653073589318732861780358419306335713257379026868040434035223703355719013982554078305624964884242009289571905103077744211869704639916591522081053373210002350061636894542862056681843739391259055769507044438817118555171174060436189570330425439262643631789103698042714679612228304362912297404965017750811935887243479735328626527550625404068374984954680935694161
20300132398103635658744609769187975612158368402943744386397690570730337950994422001462274844987853656393890880732717811903560395041239401245612408382603103322931837601961491587224594104536678685586558169438662489131293870098174826197022028049608264550734564822834864296679461721570785057900640679404818769267302123332528312581203232121072225403752841390100870772190396775567669169657026735910751784284262950496043513902074650264497285164338111272109086123749508084780687370655784981851111407709646940837329387217074988324935809601272672602046992602449242084965533683694837147893056803824068928369645946588312565408208809259633770151243501829198349442673033232776901021350135049806324613293061931870418343180958795573555523544247116873
89467782177095744190703068920541334608432841561618526130024173887687075958521459552855185397387264159944558050428791568707530760525571190107040108391200800424345160312624187959437177013720640517932442475939015591620147821145162910988670693371937362140289789837619940300703747694391567390789562374493873260469679856870075562890185862757008516680511761679988061625468548918349262818050269272720117129554357322931417034781075271669996041030498274396493
5247241115540827249793101678194408950696309070538610496985462943637020027127755490918603480749079773392923591282899320306922913233121827228649788695345807423531436395148392535668255525612490722657973456976145599006131756142470415051505476578414804555537405174366292133651219419590484706299914020912673940062645689520579145425995425733911613292498642058696787499985855278727506401338569577188374292802914112365325664621260581592311339264157411541380724082930389835851505302122480074437389342348109707515199503390307704103794272668672631540249571312739763534912393838491268151069542235025164530961362589738089473198261780345251404093600054796967874398575871700786435905831608061859619399250331978138237835386405462648791777790999065780631717863310792235335414140369807064814013219087964378735379247403098845766118046423919649217896255423598975006736098593629982268658119014449847485890970100198
2985750520723746817134572270833709113367620320075012551722253552124305045092793651537569401621605170322641777907357496774825800086487392576233558198298935846
78389596969335179868184383931291844067001238011507981981591164928408346299070970044910371306805027630268937673571338182929685489467757294829770999766862013478758507393855877345829701593431361408586497076924297880244541696939145288796650033345327150509984459304766136468484003700181500836765491129190803878252632391860447624511610387240801705593781545371577228465792338450967723014892295586973520061544446610205766369668620911035479425125777964681214892833665558537332301214620213215780202673723895205504321531759200088296729960748710310996270797750264666977416979087497897525666376641267199928411718027558345545708362773209051582207833088240406583801718775062733579003188530053591892157196440199994158719687552688763
816361341346974297621660572938568207456011898927930597306597480161456051747411869393411979889212216907051655067930222782522866956783193920064042922402926247776673552542330995078659557166035965774727784770821289893306034884622234006699795435346821897878621570676544090
57169852056238489681468807246896256665024699085202520160135854767337765241460117405512372790765901647354678158789839562754645199705698308990159115589576041924960903781662980982694018068393624643739664137380721321834338877119534925328361708147512726763020377206888944245642324950131850775533803713372233493597435599696755265486181491092975411543711430969254140445932944159204834470556526701167935515385630801981639991377208733304846949930897023816
944826222074478414019166982419537727027180450662510215780428690183484059732083907929106767969688707407710022231201705464776664144607597894426747948881861693754107147660231981926887685405380
66147409553721954913083666630738663597221022825743630838285632597572683976108516237753451792292933909619860821015
69769502278291726419
454295884458360964973099337403276953331950470116629016095046298280890473489049196558651014727295275899408518661450602186605417321880633151355865584411847978477533659038973622742116196329985344030518867619381990271079555508151116440187090342652223358384191805354002857035055849453502897783510661955511282580057351921969479280190472069094667039475832856030289800252943940894305013920610449847156038525122719664066333335700291654172847836590860867355194454871912002448584067331632940165086856593464677032161429326062895804289355918850284087778897097479402283298996792167483176602094277103836841523646069387260949728705574093839533250207545564604939871002724096474037459329596859154017982793121759057726572308750692587503969041060389728442865204234715339002685501372933416240427822692513209372798800927584700670007915442392406370980895779434721054159855734842438544975387236330813555184192247228747970909579
112381631295668982250756571869616341330028407732191474579554715097448039829876439900333168100596860375879269829715489430889212413590938431789664913838191453307345526595999905941627791276416838379300007011780794102246059098207209238956131937425501118974815508402914204507395192195435111662468607552419939789149700303517678157155219686441116038
12972012670301085474659096336870847659209102753781320935382476093967265702205756890426503905318714982948363535537814506671238539020663650565124662577832779363063262646731089091086666631442785432144439009898805092840102617792302398898405706595670360073489976366405239418012932884396689277741359854798495497270178711370045426331340114053341052644869965803
378243887828634044906761090928701783231813719027671125991888497445523515967692653195504775003013787555184109834959229021846828
635284051829148465379205994820225558093922860786083643127823023698286009770098299100752128059078064084697201816373414868474279406213014358727675493572939210115915383709598179424076581762433515606579253670039473569292426175225102608452906011932943871928065406305876429889458661646597004137339811949018962247725268594354469662746582693687577782369576841316259913381700267720151752051165531595904646658736006655989768643840932101743622253467692211034705283081517940912735732893132306483971809593628856224086015985795641994737661657014173925986420342623302876255161057
57487348338541315670997307349734104088002034828021897389254771178925814205667967149967932665988067678730988035019502994614537181378713583755550838727338201576146970846876546503053522859163433848902576636812701941142233090319917196675406314300287048218603171020854451033410085055848457400434897553845027901652217184114253639457402177470643478392359557016611439201920149958546645658497617453663039596783860614846551648435315319275857071975859987960373181444648950489383695712937690871375807251389250551590287155758324900696241910408124132548966110910486828012725021455601344470331845010178445560656164163000180623503558692322530566503029171172682692202176791026254382334395274722840180244033846988675217301173910171668400
57239252428698815587722548739805435610585756853901197812012588847253739693048665501591908840657083249057709846339873883874141633862997662596344788072157118721434631668750089231894443813637888150280214009133658147199857806290067404500623769989581911381052944350434316062723505704143101650148886893673503470230791775606117461947485162855167164025425470619546006131345322429968204261406199561663569968572253659384037327855562044425225292297074155393469643022672252663506026219775848777903721299175177666894367491892600342684958536290754010880295070923291501483506803647821242063508776038104587927221937822997876075132966082548408869591975066407408945846851376009721725959286721689982832836897021705144997190462176267326409148413318835665
505486180202386637497020709788281372526653965005370050610157444236138027677297921139362209798322892557690196002488664844949215469741185920796553492323799710370211767655817916099312987380256510962415434533590264138676348537440960124929344844619168824035645875607311655740752084310317229552998768399295776313215083349547911385729302367211256778621655673688404646223366454912591732506551880438321643224802949268165129855223806796944541537730656708417468274345707718001803621021579698506895902746545542259771583034790649176679092928886122303507219903121161884478
943691449176273539909199554388379387541958049034572486483008995065445660646173574957953133312805582959449304032896272563060458816815578647419964864194737745521201457190019036867728409149970265125116062849847669693528555342912031282384006923324256751576422879334748934541203371421813339794710942355931762335122456104013978913177729615397781512290053985657556655599274934048532207741267659365046130757766196580127197929011197276527037961042657385984646448519686434349035497860791074143381535691104121858654208550569237930654389831119949114729122852628782029950482360646326473419534552887569487801446090751661748794649347
641130569621846804918237633048983630162384469588368681514160115439432648888350564330859768206338059326780388816421442042533100057005902401150473385490633536870637801775876974630371483516563898870110682833568445914413287792865611054784470455501737984138600875981179019315311596948525104467642162010454939452506326130434360969681066869074236344365259386284597185098094183868119164420080373055441840
322355314151230676782838390690604470001028900097890133511894091170380798900320487583171043257428566055603900870230056605509566145023669945746100264536852657592475176050474765588834142193360544310594757154168278682037694942134924182635105689124820261974932653608328220419486247514911077947272407022508027078577394390427834835807798564739632816097611631974412963613812956019373962309065556094443130312868777635085898016921958668022936235534407488199465005119782173956146397714552249103392758524611579967336097541097672803766287920639555573181464223326414618185461370770703048310807907956003146074887289693207094740296473838671886648434923418026923498123837446808218488786137288550638057288118241855622213284510
6944485142434663794633311120756055299661910877428620632586377875045378289200362674497602986661877561054758568787124465682401030852339451517293221431602153359539315828543261820176296289284472209893513252441356537488122966816367749928621170418746214952077958094529845950146843450423538951993535359542659819580568121162077080894205382411380719064957146689120111258398365733336224264675026840736302451124048651333194892051822159180751068905283818596593722565953660584353728072895872057235220817086537731914890574917853409296028918983946336298204880548810362451527083857261273858371323040118242041417706510147698946638757278094877181749689405215024976943714876748092254464195763517034245669711986215411167787241622153546535918462060177229
10027138171392218830457221407031825552392051826253107560173143801256992211955693353101785985036084703756745680239930612356932513693585768336676369910875368429984732374362003173013464218887267023160620672399587668421551259184284856757492836806297666812228258211732785025218289226474767331780629392590096741344386757229458491740811433227168965485489759978605812871526460805387416681311660424070517615953776171034735092890032880673473798061930658802286084916886969178716523656893325521635681211883651190746050361826626673490344830058525260650735529550442131978996930479942622109222559201858221668587587717021908118028047958045150525127446205236418700757817060478885643515189693861149732416031806382276305184178583756714885789194940118702424458222827526728797928231230413129145237139381560057475261223030479845804784366294324844068373871093050206481043819391518254807530453832381404925381670177721182342572712861289005
278899594517211144858691727911532711572713218
48332145349643322220292644650251993477280106799605690436506215127417282853774256271593525
607188706978730338370720049375766447987544284243176493862552253929878179054044312969969466761316217569732930238302407196764569731347944828019970410359721822225749575966359363461918409333218997449341410556023104311564310614515771625907434914078639656247805760730170634446204187265860062305105319286739997314548959852008847224082796432059457897263316324388717590499925898390163879794750634511
23117060336981564767736593164143686739551018467425194344001964060043644954659285400041310741878632586772206658268018664736800679103315227183004934755504938648070241901202030894057498111331314631211822303348861229667818902477873582680523934768772517008597949972932606343514754242842543897566163192928823753077379396355361036556167207655329707172453547604957292093294262883527093521672428409813025055002432044758412693435436112408954776011322019144394879244712134
337485201685784277787943720127247162044457678879683135403855850792779597558468344400474681038144764636710613028440945988575809008613129362191136507321947695991734698556840869475282433565318999648676729399905804692797763591576480638175494199348305984352393402879928079702475404963508725638296070779364821969696183494476276383710315690282116154822087796267271606334356977931380055302369509080520142075576626320000236033463507800639463763393689148346107
80509188052179725383927117776278944990810728891948391983873930808018043295454543934026754162389234735593621967135006037398
2725957896402477868891662560143279601679044037488674980614789266141523305631129804191102504442221282442081624151290693340780136355073122968089916345084220670282943615049213662670645550091536933899258328342966
97842763253432143951375963571957645115556732457890233074380309499767773485737833395680936932755788003302067746695618238345514340831692089101828567264314200041545636535832468579908630767434178571042378266888491958883486290640722947459179433812778996494522667351654812765813604504845711436342367343124314081628982503335335965382802764725985671423346001367476834500778601438216252806604877198688149797726740047948415346239558870149760675633547896428339712724253599372004116522751875543527223332929562743125894386986417695725591619862436242331553516155213541420373969154323157476892898715973427
543984648770544394462727164634628101785678003330183449287261695773280746178834872483992217454833195893914552374804637338009651166803612071470583675889560543761761807487236372055787795797511656535234159695215302523209414893880385703871045565819651855136985673007644572586522139370388451400001957987475012670387523421968426796555554403223204167331893712637352550791176438054136762794062438434189934517832573836338112743437497587339443998590676043856209009143331600122306680620598035818848532481436076491950768933991529890318729726187472735689704629447823156
25200776746135035872707095858444592600193938891162314395990368253250782770227958026569776171878109220689312539467694178706479596817738022706147645097428735083
1692189582813211333807712603855996644865833999009414602469743888539036448036555169064824643193528577682108983479559183482985061408044285236312660790055503702576673121312125593603579627619716498076813223083458116909480284955023767478091068174765752705886205640230310549418056473835734432470877568665400396288002735783660128597958962026397302299978139111885653099714391556141299016407400832363006081691464919792694724756299618290299401515402917498568530736217497373479494151855797243895509088228614612598204803315989480678228085156736688556460054206181955423808191297095447921527752980664936359538727241764311304467997522229266000537901135547409308934642298209988418388382139615217157912362080695162649660546601173664650334927484237861545121133029314476324366530428499752336149272287924884119477424136495393576480414838191340771111737000560155147837707677115497159903929150617288667892788028517985340258251698537533249155639479128621619266374979878
5779835311072950331831012085555296099247835216762937854325260827880310438250767829849375023148930604743636001295100395491209710388804224392743908496149140258516156600789133092043076483569
345312585811000651515983064296725119418344403284222288869435187236591050424061731638282483179093913216826226193882223869673421340232371612071665129116404551558093267686360037773218236067496463920421734334524676382420067992770918118331074958707291298016552722698804525012987717749367401139072852052884437371158740633862005539981113586235210522916238568532161075916789562650906444898581131205364483874154613100414977418913097407074400693380387681138068163717222714562906537389225317043475482746357416397736406497181686210560224595515272385970210854530375231888463574163840627121176873355665662464139226996168242954161853586354939484294269096707254127760875923022152675714864512470484513093985646468710086214555343857320522681367862887096321543715004911106021635142457376487257175483719497190738438548818002566963661755423038179943080144406664113787227521215378408974251838954411553361235490763222961147
4577068427754653266583901116011076826732446224235020182595180472610904027697981953173506939231271169954612801371087275235066571798013016060158688160145312746976143290892844
991341
6899484471388886252239426805122574751028050738572586537847980347244046411327086042156273440206500652651044474982667511158271653528369166780411195018077072326601659752590983352295553225323102261463411918180946141042397262870733572789740905572941372578812011683474866795161694188957892313281108342873057002102033532652407997110198538039034397326549605215257753018974908693518675180173761511292369874792290487912578870885696637352990138011121346882490179502949660881998895729161093612912017013305675429802996670938270662514328764961773281838064494831071285189941594193797629366291683027734161961855604375198489565919256100964025513994869370211057313779715488604461846586568787430635353619682084432768
7387928025634995679437742417393227011008941943146764455072750644520245388797450846400544016111034709279347528567899784218233147138192751895611
599507083850317556680782000008155585748885444306998704627608133741930541578984369403904061340934125561554565492508801286167214991389102724986133993297347784615811673215374443652663086602013896754500955391964373426178267648315071333695475127824537544575522436767576704538995363790504072331026842969965967554661677567682602660835069043269587121139094294379961453367501773828815641996145492384598724247
93173790373128020024249075315018399455110716379577137316253940120139909341667293363510975035327632516632583302387066401213956919079412719264388291945413334403393582400658212563124084355258961220509291538354233154170817230373719688777971195442507517997119977678910601100774911262948552655476
9318457851116467637019890220979938669529246105411678047299278188144566430532243259428176223718076126522701716262754978011198420550712551063623771007667192989730402025047682699321298726347884983523352858732563285497
31775591745105784698092803382737771565597121985174482368899828243812746706758617361645107324764807346368174970653683202733871453081251051138250897188637568031685600684274158317800821235731277355939047507369435522031390814769758680334175736185762671436729146492950809587712493573733660835146646191706557344006847901552185419361861004137849584152098745813582015799947332143830733563347493991961383037326893850425347890335155813391647715801222061748361059270303280462477465337862352001861
853108513924187009297017989243186601526544
876310623422641231146080318885235296354725790104367765006999247834888344214193283225563899191081474833480184660672115229872302463265151945056082080940814211416847116340372912450863233134757014700323550292268210245280384546488858462558683370763566942562946191544777616283906609885024494784282174496687500426525080358854439120514643760986921144938812953178663
26080166314423317831304235187650823066964638368554582858219337191175436995348838811703938144879559444929399064938310136970237687072378133793250468772599639029248854009149921196469208775116612291348281944961812936085222150075406566661194502573822022975931191355599258443913066371093962674759656853628360715009078610536444510591782039654108880847630905397347573948346762293945883672635556823993840713071918870468289047312
3614612542474341578930393196384610187656405314193229144213238681591844127076648990014298927174765494559958358065390953975424661594088796613166856050996110106420440140077869016376927668638919276604745869816235271104532078789
14124902190131067606029468740077263689504685770510636685376926085049441001141120255945679331482846745256953389053666361123304698551447710679525914981623344597087024278591651732775815951269665024187468931672604284034900319751792005707473692255541631885081394474071665036536192972812599934803052823799143549370091966712336251036871627962339889145371342823945037837156865409176276994050927126040928421575813923763108079141367548290092590048442441975083809102690837173331695572811377604125616921819068650707459718730319674613389911611439341589066214728681287177922048084196424335623073527571276082412080473890606402572589602868632174628106777020414218218669567433157503653019512165421521669193156030841367902959002770172595009372692264733165775425059453485969184653293348752929741790211687030737505218531839064617824725567105781382054431959093292208599405671639831
3839939642082659764325692217987702773549631200099172034790441523800304256942586938260580816358628562766365824409875200332952813135844297159396011051088822243967020765242718364861410591880328296840737019846144602889474308391045742489512
935227294212933349964238806396029387035249710747640081895393175984427798655459415412313338738877342287029607566175304504355136665734168765129736237731190876093780898214669396307848151251867507968965649355274068585794766258749549034650899242543059186115789206601130739441490878247364240262490527738664033226061112855424246831701410548436027364131457396537338616193309483671225388263253200464184060506974537150356227304578228982207000205227700726422332066008296928271319041856285585120675135100226737457439666036363
8406271057851929104386933648206233534868954534767198126312522824566122762264197264378777693676233620700499994521215933031933577952614575494499333157300747757835487461671873671455814545434672347827646553709445227946193724300816729927449565922944933192158564152690840433038594
928415598667486094076298323825142871990958582580741462271320357869577591989681257857090085724665574262133890038171033103853937119895050813616300796234779914283981737511151375927627030175913570450033383272719114532082286297829287665471133837362858174631672418950348260567017255914205969008479037785346497446552363857590499599451485819913099615277124232225933147846734167848655944334571968607545744616853763503726662278246191078517189406162026589286773880298472595410244797358087389026951082952893277344524679939467108043824769985930712604853508172109379056802841437684552417770867708585433984197550798792793582179828365240157037011482132795274797501114814955492428107236302554623096021919342364262339405144232239510336370116341145514209126926462280938091665579340591306975314698878502677211017674459759125310648324290927696861250424133305510294022596686259905998635500534743005129260444696319659104908061217695970328620198290171
54110364865138173095656356630427397883392132105463244321438418121876105094408627239561294015656071235232269545432831352321439592494410677082661308909164222161167092154390864630144955737533540144808900387860728815340912786152457244463957903758776721247470517438653355371469083748676270513231923013922810227833770319456362142423105121458283802238136613881234496641550351426560219297744326723280158860835005103375308241065222070199168287608362086761228476288469990789714114847970519469077051917228759189682349135029656205997927325444787221564312272230575645190077313863661795196420630226891814694280181836461122342527598372265645272
479974904745779678637497935006321169429174551446293803235061751427869613949012133245361446560683989092131020983520135385289747599372023148424169188093988233929704630955167979837278218647699507352779441575
2731942772796557845039462254052703914458493554515208158298398328238395886195328289975130512292294392008566921747856885858163316854474764121811950738388776550226129801919788340113897996731325188452980555784214972888352422509750270067997377650359854446433714140990574921990295710972071088707506825857074674777058547871473863490948277087061217038945312363072423744912129504471880860470869350296061180866666110373131680144657157415876263590036957611987248287749717047227673592103541893538357420755024061974254132209041187794724111173216656469984233060174965424006351037664868432833104560165952904780924685400383169648220375553571767036239530115
6236856142786571226440557538438314089734110263616050941060575057843975771164136871114690624541713901460263061929632408380320231002651622311408040837804981220387718903484747921015034055424768909202258692844658075978146974165901631719804106025631159901307598937161789173800190510419459085527890952362916153275223612320812100700430535149432593162637767735484751197118674696211240323119303993848328098528766985213508275335904562500437620721295469560356981559861200845525758362468386572229828068787067006203111443450605635219047059024927917479100368850791232354652343048203670360006237686416334985823440751463425126280625368450336866062704530241014729389326669468360881976002460325670919463914061510020994780315557476947478152048477799767585560751509696038456493529408565511297717454057874512830045594539101585364547288090030078202153391264792520461311803564582375339757142391266439552569597955102820530423735076953039999256363
842914219891119791478279111879489598073540028766508763202374232422289997260052404617772103794855155994979294581655168633054848996140211685668189950155156241722509439682455144633213181713957862096129822460288918755949413737104927043125456326556374141598851446204106207788478726084465694368502926509614253176912734666797133028585969593051932342957679677780627964928697086281364415364977438714251184763925129726032706546538006870164486503774273472285132072128733231463542020092942005730141868660083100548661832267580817174772592231333705598567955700477454837925317156332057409240891412292941257272991771992000864404005697626898581277854300693749402022834998446159819783328350921216410403821423516936777784008175661233479473502031825711432750060018281439431060436685508214525402711811754571750967021355530610889755544718325623483363487
7460139772142536357448302044290239074369897517936500083802201871417331600503829093016401676413055280761397224671473905102124797392276006549600756578076626552676459599614324074346552007757483747699567228136902629801382428652613004011644063359238693820881866014409775143443354809012122976371523845400176127939765339254193781387717774741306300001802552969041760984392621646307928220163484145494187210938023776055402239625753035830112734962733098463398130651055415257496674041641214207779143508014342257632022755657516120669509051260148217645235391624473684027363355666654568853792993481669211904357780606287719205235074803726928338672037023771925181394412539929211557858415274250957216778502739778174235983855454942567052221647881126071633048746523176422888385401465675808700221329239965245026977020170643205267418645696085726164207077292190298589741775734427981133581930761451408441557289783037340027653091478312663359869796
8528959324403781798144596461156753356336970212658523862941638490382191096048481380847427024571550131318244071489448008819123569578246119119398538908652787703659263738964876653236085409843729018810512582077676606829636562280972217560754473453886230915294486335745959495977878330580605849265911039564536763089535473568103943220723874
7342704606159167119810064671041254968403631436531739361773252080003220370802208745526615921017921066246231665638691285007446934397863424777687066213474628932379931426587312263981980761488756042354050400413680548575076115917379648814588449995614088046724784568462817763759050840569558266528129157995685709664160475617081759462728837934115217428732696289086869131366769797935305486557834081864875720601922014319504631197655506272809054220747270262513012586115246437364773811013380478660430798000976866122255491508271532041196992579238784488036545691667956159669429354616861992869929541725342647867144399489714791268932284520462998784589144244255322284908370939506974826849487090016772158847159992001970890091212368919333319734547783767022510099005756991128461119178411828473104707571651586360393151890447407287356663761219314601859997275557013093710617420677946587176064048569811425891383021171232287341017969011921106199999318705506691579
4973779011262509047111873238949296244346391683013869945386300850196982970690328949654484432067133397123161537008606536285108545430804015897949958623664994343635642578872315471806905662082707268683247769604814847552342806752294129912058092482865996453407320987823478103710604024266973183819584743219547543185077462276990819036501656458400980202582646807270039679364333937095922442398268137345772493195168337130081673681620298211737944625627566417244004759074468232326363437414457628690357453972157180816858482411715117007173988987464909205345404445880896075595321618377245136055819488512439714961302721072068411604742281176268927686235116654051812828296428860146703496252504234975766175158847831244412313738773605819979414793904897545716343794728748422223429223557998876706564423513811339601440829212829693863279109370318232308530166762926157152599971570175172526103325448474288197122508452080466738516241661634206890042699470681532365038913277443631916661896947523707994383690506118219
189406524415779358017994666522848378315240667568256161099
686654462987069993500811759361299450821625277765930150957627020247084963486200696801527688402149576955525541465132045226659732607118743827683855063039325970211083672273463051819933714096903366566264647459886803317623142606048888177280712249385676147754956193369187569011800327087951578176562360
2087757901023737940808701432762716168380089238425639975445278884905397524745324423317700166860195180787415246727875
6434286724595479378778884558371432093785084101213188946048672777793623020000068085140765524105216174528704392015354205499155586152808607960237330458079134944810000438729320719301253484191347042288806527353074340876598715932820955972409920902428002751558811597399068419852663605853834925341209333371560146378098088142796404248554119655976873980860826622565363905063596794536808494843213401155268881161342128023646101171832051037257587681552826361993317780932261475543046937317070062152368525065935003147324517875773824567301021367978584144373905247661330312019976288298281780739816
6261205371609212700536679325011466550674669006217098126058390222797948646813601265816170409299352395097375951434136035113240391085975524163001374586470751915308159412040019762787920074995532936172870131851139132480538812100435
982189928007980236950888237630401792027093835788003514113726011971385930721157945352248978135655160412186216624557074628676894984576534197492305192584719469872934672644847366523913983570158274643495374935545198755239138066300850106604167987841662309353919442260954496515003
5476575020759726432359785848715559532162629856918822008350283241864121323800044484912054312719755032563674067295019504748193031626100461170331735250815367951388158100403105855075240415785548908131115193518558368812386761310836369052478597737401172687875444298924415433558994992497867359897238420007710854203334156209090860572150359727108723980027431065340957968130408681130943800395972944937651127744055544542662799082062825867637770157548484244328099319331087261274035512218778870968830863079727118604801963268580917774365049682514275022009472912818958808331873487079174222981674877528995476856376866201470702236121415781863873088748241782525782816714090538467853527835176020195608992697098878825361766177529515332221823631478036026565972009029279936854664587193587262779806300347995778441093372103531071733684326893913210428990590421345790506792221962331894155223571626954410139755130460898478019375178151999402248311684451020079177
161047252105706984899799389879353021934967710199491065301809252998601363448426172306557361
5475303636779
584724869363348280260364174816614102171293339846449563316150309851789105714682028307361342392925097111802692371556894085731976795937962906040492641640094163675426263183119692658263119580691710552263222360000790497
3593250821016644507286379997124083146123975590598181207952046524491511854468974166862233255810237576030158916761817886310090919996771784964635586568827958259431986756421680513308591740412697004784487011005303192015474732689333477236205320404620039288568967448993297758061531509481247220393666477964045458590134170549367459167493807248235758211099602385919937428
120923396992236474556986292342221773333603280479824206559510481745048244916341927116990431396447514565175828267900057918324269521171909123016530633343381205816636087518701459255957021977287745212312547441991469599336529104692698349569068883186183397400253432907281083758874908404549576975199527980391844923867745095336085627289507960563116399139938814411981706670548344485799211594392193124651541121611259856348145560940765856461159485359839162254894479933403816494457236231408705870586815013050554282753815691507676245758916709939430351853399536148493212198028875249661250867269929342865253738696057945770408127081278913784187695567013500691685609346666574035762147156211068457871722293283610410050170778686849468490035370084079565711691707096253356948245273180751024322496517535358161547537806375646192617035016037176137031
7962683534289152336246120662661444444982707402017074980295395245267334385677556546877552936543936706693280020679355273447417833747583235948781153140681781989288646434552977641204771658116547450045187287146424919007128061841385743403364410579108761435409241263451426015701202869995673940336313631681943998994730683953300630105610342523683656918700091621892414350280629923562271608810712262752659094417800913184017580951913304508763040936201790232036308652703782546630462838102464615392479272708790133811374031812386623631033321037941283852913371866929845848758808602958501792030585245883733774924677093070981239892798904521
3678042766051238796444619248245875729213027236909364551280355573108051829134324730765479514939489521972614630319247771313903320140046090764447277218817443952857969959642714812087374124727970877092587202171503613281054670377939995147702942010037317405466393111249578378614155174296640177548098052111404632051707236524907863524107759034870953217770083041872045291015743700711420310722830508508205279870523736259923342571211812976840428548772377465740411921758019914310429544814688446976830440889870328360845187594561632302343530557372462371914549890425519747482426824743147805019718789917049248540993991886998349754114
276945851735566654500970741975434348364934198501834855659170284126590569315179554563223936102772423914545192680536943828575410989081573550
4209231733196604231207704162797243703519773609348260057335919450971873072049286332361696722622878073375570687390
87962302567927307995342778540697901839330177104526784348740846149606873379056878994018193156176360040777137915595401678692073083368528567186669015141590153218684601621129113258161668759426458914452403931966188331016684474934575167812663956131199524
36823743134115678830788693530667055890108379922544639551743568371945694854028887606016676863506778282849674455993886837100165942696101937816330029848398301713116241838485408249365928631298148813732978109458426145268405424307571046161992483644449079339403659994468198771710318990298749449733337998732483944205959583638463854651910598165499305317896889807116561903578399501388000651391749654326331972602413095760691
8870444059915363502890949621891618073035176220630425813958802351727201448248921232011165885341876277108811031870189760769286116233251873762637686357632697129937785815493693834378777320081959032740657548869979999882909762552272445980327866369516780364699352005834763385001669791835789415082678538368104239777995287214201891375778352791983667660955794736663566672124238269185694519433842947989655120429106
8361768948159851562171518537424927156410167016835781956139319555173369881625348489795425619350958804453997543268397515945191728676811465506749148887051957743161109780735101780648436722572034815597031706799396388845056361478913526431815974577357195671128912238718982481226199332889795183736546124915457042071947153581959146859468605697935572608433708278472429712518207856557012093207965044593422799341817544238344408648647645703410471675386855745212468650716812107272515346804
70444612864933110419656304824515788766525847359575162682891912427931161566656816197546400076903731735209454883309877929918467818070781827820537392349832946052655865981593253771435688611179673542707635514453464546560710551108969032848578252293554290375217067479265203681337268104062699323601124299019207926320657474468890748394640670072630505834185912151332633499062191443384269025218911607882518039175142953933780586635876135934814759823545369393633122512765701811689901222534330894762374313689639195181127571286479295903092299532570326820327277886864567061886031144341582064566642896767444536551835369579603359808746688608829747809047869251094954252914975059821671527160518643066328630363437983901857614356467549153416885507130921446705017649124727814640456225458486783387231978095184336692709397668013502606119206611634740943892996170830554618504028631475102
135343279685788488782323042985128462075856881151751913044284641495421975367329142946229966221580626489644235914283141094061467344207215114762789617054000259263059378876211066511349342822681726881108400348628257682141358684849449540131005091035688107994605701996096461112467750719001536181546893008686284337495424922685923113464975394446146947253100826480380319452894005051480561753346804947900643176757344805761600676529860890567750930799492304662077809020299847513273471343485980920528640491552932169500620936671615883115924023856331398798650366171855764912841404262410364429212278243922399754887740410950075537469166567631898318116296926009094167718687693864409232450661890631724618376993289941955801430711451272846400689024939422037533
927622147978101810935870490899751601244893487667548016160289268914245967153755445076284865524383147781382726297701492706789489021955475010737329389623825243612018500850769094839525253134879193849210857204753575623096382143760320818669593631853424725929190349753203272367653934851218317371768238044168972495866651520463342497026918155744242034748980720023428709035790093795265473244374277389416234189879731592772281863498106985308658384299984876667970507383718563774412909219835203301561150326011975842327101902349943555441620236118995857870978174202176986095065686780801691234077521298929072362007115242726017010058082800441096051940897334928413336088287460139868301406110146721879014653016080111521903505901006164357053865295351555866403638116215717020973262597954248503305621172014894458571
23868951840921761671055624944830742317597902303042857811832705884377110696980966653773718159628473954511804244458856669224858759831250018433419065869255719070630527526434020478934349916880965580435671878890690929262774759932803123388738953829998676348602432152057924303033189367027090584577753735685926519545961670316329485829598524437807015587401799648274696131048953831457269453241283661809081876851788248365175014894124322933524222248006854046858942230816941837603603632761427291269954727162468219130647398426238822552693285682909654062553743350656642695657037016319671139751017120362884847274666063282521715028027245880607016811440256033178430388056444052200601794900444709853876534290089286503083471774597730110381963097424033312174828900152318191864144183782316350840537689255219870761464807502576693681510165924137809993050939160065
315202227545426911667815091315168649733376519929759579402192004586287728034219347502728120020627375008437913842554849435520659467886030758549473063163313049914319682061652473947599381094728599017383657054450397983547921930352754445432437682347802474007044802048998543677003470751038967055494454259495622319448645224860854087579971099788032335747078206692501863093662205280468831532299359209311589615451684493094158384245
61807124083284233352682729009248014083687930337539292458815276394088784708178589051610038151800633381219291151280921702756977281516536271716777095276388309640202966181227271986582168132504262748072490031374721928690148205130253765603163062385604624732864190236516377152528071968677740161945152363343156010203430908492777469524392066518985504932966433800250059081394857096228770407813048795866246508756385652504368955803634356793115099759610153201188482062605958477158297560597887488545008059111665821988042137801117304584052609804077369330018629387755122735407097783046809686878386753038845266215858755936627837092027384117811330674619833905951656119068963449226172815650830011437029648140687790494337895005139826986829050659245908057505374817972630331620057728619360481216935129717671430102701047339085495308148147104975806615073
6545311051510899671359533306813058911299571942711073054045598790689674956874644591221419516356153929833523751824085253087961113432334397265569792708106213533859295161207189854163631070319028358509971924329101189865560994039288241375212639105556979334994183798019699114893359966441403916367585198214242340227776802848389474609725936899946661357338815982863021916125605388411297417428106675400244628233373673252104696184605421088707635761495232908755671953845966247091913538031629113387399731765734158703852728110149084045335758332328678690680580157590852786714257302537672070735577853568334507433827099665996198153998524246552576502997563685121078826802287476420874589318915082975004046072608513795
93139092645842001454402270302262348746393409757192064709976552612630513942765637631231858608454275389254996776870532706448155214
61182724082543303503194714975030955863316457270585216052
50339783983570122529024707342684467964808993791812007599314631680217724992145934385439954075004762964532458744395559026850420314263075912804176109357704199952945690572245161069220016267775376604165733440625784880636788605052733302419137478401906324244989217414226385068439157646449
54385599702857382531820911791256064300752441100277188183172701230499035074897049451049353806334639848168076199071005377763732115185660777579799082879617151235724927635571198600234623436014950235194458654645755716071936235048470795950034326754161548926259727672777061756401597742026460581377582308616518875941964347921377315880104398108630094843563161605104914839396675430512460435047418682820788708637023723002935783919401401982889167093741756122973804874291218131128330295073795550484839737696986632397441013193500341778261735557529491918737545715193003468394648000601549458116597148719932829395873992412170182840216991885743575804851774457052586541325815750268959523726633912412682997170672120057543681092972104594297789313563159241437788552165264914878074578043723017879943051327666152843684396869490835498883071221038546183682768824146713515844984216559828750863019367586611249845329519393521687681554608838603840604822851698007081724067528869569968965907399133354031403572608705
3962373322760783985801227736824794291158397999
20020149339236899915465638376586208101081817673418007122631648111455678240310176308108466252903251890134446271185181916444283497025227459590974853799649548942648036984699344777308564402005658079131211305808701772509318851324470009469045400141323228979472577170269068743950269062664520116979537968788578287843262000619
4271545366642333053287290751603166149224893713751128183168561431573889983069341484261734656500503702256061915872091906559027571092149380712581568053713406321990566864730995601230148056601956739581290727923645565944398952434908739730384000837849783145793502321758912282304495505631425976228625322642741451882410173030959370437495857656966959248673971903721087079385484563522
1091262682855475643587583851953557815747997209557099447358317082783085976983151690120374821222972373424465372920225399181075875121183263132180748560212980463058546794128496262725761836360191064225005290762945183043936183645488498854879723393998211912136498743255369840138858754101858055564845352515669478561026353688869478429345868490855925385451339149416375171556113277091394856934787439772221896718550221743880703389977485298327603533698996803990205194349177397821015951240359051932739139083792662475774329039741233895753018288819829029001344032046396456118997204746922089049719750620064437323084527137443239552370657105944540278976135427251000564472221613474381137772934038127380850360746722029652607860739837839166906070643590104073335429468343156670436249782433775209534129236408627348811491910957456085837817411985542514495726555341850523727443657376803115607478183141248264903849832557456192724965748382556721349823827632649715213517305356620372123986680267484740
214270189597397165314858482638706278823370822201410024148267736336148747324783408338218788307600878183031515914727456390998096285894382360651433682460244702298875269001553373505206066050673421355593547182802787686
