1000
01000000000000000000001110110111
00000000000000000000001111011000
01100000000000000000001111011101
00000000000000000000001110101110
01000000000000000000001111010110
01000000000000000000001111001101
00100000000000000000001110101001
01100000000000000000001111100010
01000000000000000000001111010011
01100000000000000000001111010010
00100000000000000000001110110101
01000000000000000000001110010000
01000000000000000000001110001101
00000000000000000000001110100100
01100000000000000000001111001000
00100000000000000000001110100011
01000000000000000000001110110101
00000000000000000000001111011100
01100000000000000000001110000110
00100000000000000000001110000110
00100000000000000000001111100101
00100000000000000000001110011000
00100000000000000000001110111001
01100000000000000000001111001101
01000000000000000000001111100001
00000000000000000000001110110111
01100000000000000000001110101101
01000000000000000000001111010100
01000000000000000000001111100110
00100000000000000000001111100101
01100000000000000000001111011000
01000000000000000000001110011111
00000000000000000000001111010100
00000000000000000000001111001001
01000000000000000000001110011111
01100000000000000000001110011000
00000000000000000000001110101101
01000000000000000000001110111001
01000000000000000000001110011011
01000000000000000000001111010010
00100000000000000000001111100101
00100000000000000000001111100000
00100000000000000000001111001001
00000000000000000000001110000111
01100000000000000000001111001001
01100000000000000000001111010001
00000000000000000000001111100000
00000000000000000000001111000011
01000000000000000000001111010010
01100000000000000000001111001011
00100000000000000000001110010010
01000000000000000000001111001001
00100000000000000000001110101000
00100000000000000000001110001110
01000000000000000000001111001101
01100000000000000000001110010001
01100000000000000000001110101011
00100000000000000000001111100110
01100000000000000000001110001001
01000000000000000000001111100000
00100000000000000000001110111001
00000000000000000000001111000011
00000000000000000000001111010010
01000000000000000000001111100110
01100000000000000000001111001010
01000000000000000000001110111001
00100000000000000000001110001010
00100000000000000000001111000111
01000000000000000000001110010001
00100000000000000000001110110101
01100000000000000000001111100011
01000000000000000000001110110111
00100000000000000000001110001110
00100000000000000000001111010001
01000000000000000000001111011110
00000000000000000000001111010101
00100000000000000000001110011110
01000000000000000000001111011000
00100000000000000000001111000010
00100000000000000000001111100111
01000000000000000000001110010010
00100000000000000000001111000010
00000000000000000000001110101001
00100000000000000000001111011111
00100000000000000000001110111100
01100000000000000000001111001010
01100000000000000000001110111100
00000000000000000000001110111001
00100000000000000000001110001011
00000000000000000000001110111100
00000000000000000000001110010001
01100000000000000000001110110000
00100000000000000000001111100010
00100000000000000000001110101010
00100000000000000000001110001001
00000000000000000000001110010110
00100000000000000000001111010110
01100000000000000000001110010010
01100000000000000000001111011101
00100000000000000000001110010100
00100000000000000000001110110001
01000000000000000000001110100011
00100000000000000000001110111101
00100000000000000000001111100110
00000000000000000000001111001100
01100000000000000000001110101000
01100000000000000000001111000100
01100000000000000000001110001000
01000000000000000000001110110100
01000000000000000000001111011000
01100000000000000000001111001110
00100000000000000000001110011011
01100000000000000000001111001101
00000000000000000000001111011010
01100000000000000000001111010110
01000000000000000000001111010110
01000000000000000000001111000101
01100000000000000000001110111111
00100000000000000000001110011110
00000000000000000000001111010000
01100000000000000000001110010101
00100000000000000000001110001111
00100000000000000000001111010001
01100000000000000000001111001110
00100000000000000000001111010100
00100000000000000000001110010011
01100000000000000000001110011001
00000000000000000000001111000001
00000000000000000000001111011001
01000000000000000000001111000011
01100000000000000000001111011010
01100000000000000000001111001100
00000000000000000000001110010111
00100000000000000000001110010101
01000000000000000000001110101011
01000000000000000000001111100101
00000000000000000000001111011111
01100000000000000000001111010000
00000000000000000000001111100011
00000000000000000000001111001110
00000000000000000000001111011110
00100000000000000000001110010111
00100000000000000000001111011010
01100000000000000000001111001011
00000000000000000000001111000001
01000000000000000000001111011101
01000000000000000000001111100010
00100000000000000000001110110101
01100000000000000000001110101101
00100000000000000000001111011100
01000000000000000000001110101000
01100000000000000000001110011001
00000000000000000000001110100100
00100000000000000000001111001000
01100000000000000000001111000100
00100000000000000000001110110111
00100000000000000000001110111111
01000000000000000000001111011110
00100000000000000000001110001010
01100000000000000000001110100010
01100000000000000000001111010001
01100000000000000000001110101111
01000000000000000000001110011101
00000000000000000000001110100100
01100000000000000000001111010101
01000000000000000000001110001000
00000000000000000000001110101110
00100000000000000000001110001110
00000000000000000000001110100000
01000000000000000000001110101011
00100000000000000000001111001110
01100000000000000000001111011010
01000000000000000000001111000000
01000000000000000000001110111011
01100000000000000000001111100101
01000000000000000000001110001001
00100000000000000000001111000001
01000000000000000000001110101000
01000000000000000000001111010110
01100000000000000000001111010001
00000000000000000000001111011101
00100000000000000000001110010011
00000000000000000000001110110011
01100000000000000000001111011110
01100000000000000000001111000001
01000000000000000000001110111010
00000000000000000000001111010110
00100000000000000000001110011011
00100000000000000000001111011011
01000000000000000000001111000001
01100000000000000000001110010111
00000000000000000000001110000110
01000000000000000000001110000110
01000000000000000000001110101010
01000000000000000000001110101001
01100000000000000000001111000100
01000000000000000000001111011101
01000000000000000000001110001100
01100000000000000000001110011101
01100000000000000000001110101001
00000000000000000000001110110010
01000000000000000000001110100110
01100000000000000000001111001000
00000000000000000000001110001111
00100000000000000000001110101010
00100000000000000000001110101001
00100000000000000000001111000011
00100000000000000000001111010111
01000000000000000000001111001110
00100000000000000000001110100100
01000000000000000000001110010100
01100000000000000000001110100000
00100000000000000000001110110111
00000000000000000000001111010000
01100000000000000000001111001111
01000000000000000000001111000011
00100000000000000000001110101101
01000000000000000000001111001101
01000000000000000000001111100110
00000000000000000000001110011001
00100000000000000000001110010100
00100000000000000000001111000010
00100000000000000000001110101001
01100000000000000000001111100111
01000000000000000000001110010110
01100000000000000000001110010100
01000000000000000000001110011100
00000000000000000000001111001110
01000000000000000000001110010011
00000000000000000000001110101010
00100000000000000000001110011101
01100000000000000000001111001110
00100000000000000000001110001100
01000000000000000000001111000001
00100000000000000000001110000111
00000000000000000000001110100111
01100000000000000000001110100011
01000000000000000000001111100010
01100000000000000000001110011001
00100000000000000000001111001001
00000000000000000000001111011000
01000000000000000000001110001001
01000000000000000000001110101101
00100000000000000000001111000000
01100000000000000000001111100011
00100000000000000000001110001010
00100000000000000000001110011000
01100000000000000000001110010111
00000000000000000000001110110111
00000000000000000000001110110111
00000000000000000000001110111110
00000000000000000000001110111100
01000000000000000000001110101001
00100000000000000000001111010111
00000000000000000000001110111100
00100000000000000000001110001011
00100000000000000000001111100100
01100000000000000000001111100110
01000000000000000000001110111101
01100000000000000000001111100101
00100000000000000000001111011001
00000000000000000000001110101000
00000000000000000000001111100110
00100000000000000000001111000101
01000000000000000000001110010010
01100000000000000000001111001010
01100000000000000000001110001101
01000000000000000000001110100100
01000000000000000000001110111100
01000000000000000000001110110000
01000000000000000000001110010001
00000000000000000000001111100110
01000000000000000000001111100001
00000000000000000000001111001011
01000000000000000000001111000011
00100000000000000000001111001100
00100000000000000000001111001111
00000000000000000000001111010000
00000000000000000000001110111111
01000000000000000000001110111101
01100000000000000000001111011000
00100000000000000000001110100011
01000000000000000000001110111010
01100000000000000000001111000000
01100000000000000000001110011111
00000000000000000000001110100000
01100000000000000000001110010111
00100000000000000000001110010111
00100000000000000000001111001101
00100000000000000000001110111011
01000000000000000000001111000011
00100000000000000000001110011111
00100000000000000000001110000111
01000000000000000000001111001110
01100000000000000000001110011100
00100000000000000000001111100001
01100000000000000000001111011100
01100000000000000000001111011100
01000000000000000000001110110101
01000000000000000000001111011111
00100000000000000000001110011010
00000000000000000000001111010011
00100000000000000000001110111000
00100000000000000000001110011000
00000000000000000000001111011010
01000000000000000000001111011010
01000000000000000000001111100010
00000000000000000000001110110111
01100000000000000000001111010111
01000000000000000000001110110010
01100000000000000000001110100001
01100000000000000000001110111111
01000000000000000000001110111101
00000000000000000000001111100110
00100000000000000000001111001010
00100000000000000000001110010111
00000000000000000000001110111001
00100000000000000000001111011000
01000000000000000000001110010110
01100000000000000000001111010010
01000000000000000000001110010101
01000000000000000000001111001001
01100000000000000000001110110110
00000000000000000000001110110001
01000000000000000000001110100100
01100000000000000000001111001010
01000000000000000000001111010101
00000000000000000000001111001110
00000000000000000000001110101001
00000000000000000000001111001110
00000000000000000000001110011000
00000000000000000000001111011001
00000000000000000000001110101111
00000000000000000000001110010110
00000000000000000000001111010101
00000000000000000000001110110000
01000000000000000000001110100000
00100000000000000000001110100101
01100000000000000000001110101101
00100000000000000000001110100001
00100000000000000000001111001101
00100000000000000000001111011110
01000000000000000000001110001100
01100000000000000000001111011101
00100000000000000000001110100110
00100000000000000000001111000010
00000000000000000000001111100100
00000000000000000000001111011011
01000000000000000000001110111001
00000000000000000000001110111011
00100000000000000000001110100101
01100000000000000000001111011000
01000000000000000000001110011101
00000000000000000000001110110010
00000000000000000000001110001100
01000000000000000000001110001100
01000000000000000000001110001101
00100000000000000000001110011000
00100000000000000000001111011010
00100000000000000000001110100010
01000000000000000000001110101111
00100000000000000000001111010101
01100000000000000000001111010100
00100000000000000000001110101100
00000000000000000000001110111011
01000000000000000000001110010011
00000000000000000000001110010001
00100000000000000000001110111011
00100000000000000000001110001111
01100000000000000000001111001011
00000000000000000000001110110101
00000000000000000000001111100001
00000000000000000000001110101100
01100000000000000000001111000111
01000000000000000000001110100010
00100000000000000000001110001000
00100000000000000000001111100010
00000000000000000000001110110001
01100000000000000000001110011000
01000000000000000000001111011111
01100000000000000000001110111111
01000000000000000000001111000111
00100000000000000000001110011011
01000000000000000000001110010110
01100000000000000000001110000111
00100000000000000000001111001011
00100000000000000000001110010110
01100000000000000000001111000000
01100000000000000000001111011100
01000000000000000000001110010010
00100000000000000000001110111110
00000000000000000000001110101010
01100000000000000000001110011011
01100000000000000000001111000111
01100000000000000000001110000111
00000000000000000000001111011100
00000000000000000000001111011000
01100000000000000000001111011011
00000000000000000000001111011101
00100000000000000000001110111011
00000000000000000000001111011101
01100000000000000000001111001110
00100000000000000000001111011010
01000000000000000000001110010011
01100000000000000000001111001010
01100000000000000000001110011110
01000000000000000000001110001000
00100000000000000000001111100111
00100000000000000000001111000111
00100000000000000000001111011101
01000000000000000000001110100001
01000000000000000000001111011010
00100000000000000000001110011000
00100000000000000000001111011001
00100000000000000000001111000101
01000000000000000000001111100110
00000000000000000000001111001111
00000000000000000000001110010001
01000000000000000000001111100010
00100000000000000000001110111111
00000000000000000000001110010111
01000000000000000000001110110101
00100000000000000000001111001011
00100000000000000000001111010111
01000000000000000000001111011010
01100000000000000000001111000000
01000000000000000000001111001100
00100000000000000000001111000000
00000000000000000000001110100011
01000000000000000000001110001001
00000000000000000000001110011100
01100000000000000000001111000100
01100000000000000000001111100101
00100000000000000000001110101111
01100000000000000000001111000111
00100000000000000000001110001011
01000000000000000000001111100110
01000000000000000000001111011000
01000000000000000000001110100111
00000000000000000000001110011100
00100000000000000000001111001001
00100000000000000000001111011001
01000000000000000000001111001011
00000000000000000000001110111110
00000000000000000000001111011111
01100000000000000000001110101010
00100000000000000000001110111011
00100000000000000000001110110100
00100000000000000000001111000001
00100000000000000000001111011110
00000000000000000000001111011011
01000000000000000000001110111000
00100000000000000000001110010111
01100000000000000000001110001011
00100000000000000000001110110100
00100000000000000000001110001101
00000000000000000000001110110110
01000000000000000000001110001100
01000000000000000000001110011100
00000000000000000000001111011011
00000000000000000000001111010101
01100000000000000000001111001000
00000000000000000000001110111110
01100000000000000000001110111111
01000000000000000000001110011101
00100000000000000000001110011001
00100000000000000000001110100010
01100000000000000000001111001111
01000000000000000000001110000110
01100000000000000000001110111100
01000000000000000000001111000111
00000000000000000000001110010001
01000000000000000000001110100001
01100000000000000000001110101010
01000000000000000000001110010011
00100000000000000000001110000110
01000000000000000000001111011010
00000000000000000000001111000000
00100000000000000000001111001011
01100000000000000000001111011011
01100000000000000000001110110001
00100000000000000000001110010000
01000000000000000000001110111100
00100000000000000000001111000110
01100000000000000000001110100101
01100000000000000000001111100001
00100000000000000000001111000001
01100000000000000000001110110001
01000000000000000000001111000001
01100000000000000000001110010000
01000000000000000000001110010101
01000000000000000000001110100111
00100000000000000000001110101000
01000000000000000000001110110111
00000000000000000000001111001000
00100000000000000000001111011000
01000000000000000000001111100000
00000000000000000000001111100100
01100000000000000000001111011011
00000000000000000000001110100111
00100000000000000000001110010000
00100000000000000000001111000011
01100000000000000000001111100110
01100000000000000000001110001111
01000000000000000000001111000010
01100000000000000000001111001011
01000000000000000000001111000101
01100000000000000000001111100111
00100000000000000000001111100111
01000000000000000000001110001110
01000000000000000000001110101000
01000000000000000000001110101000
00000000000000000000001111001011
01100000000000000000001110011100
00000000000000000000001111001100
01000000000000000000001110101011
00100000000000000000001111010101
00100000000000000000001110100000
01000000000000000000001110100110
01100000000000000000001111000000
00100000000000000000001111000010
01100000000000000000001110010111
01000000000000000000001110011001
01000000000000000000001111100110
01000000000000000000001110011001
00000000000000000000001110100001
00100000000000000000001110100111
01000000000000000000001110010111
01000000000000000000001110000111
00100000000000000000001110010110
00100000000000000000001110001101
01000000000000000000001110111011
00100000000000000000001110010110
01100000000000000000001110010100
01100000000000000000001110110011
00100000000000000000001111011110
01100000000000000000001111000000
01000000000000000000001111011110
01000000000000000000001111011111
00000000000000000000001110010001
00000000000000000000001111010011
01100000000000000000001111010110
01000000000000000000001111100111
00000000000000000000001111011011
01000000000000000000001110101010
01100000000000000000001110100011
01000000000000000000001110100000
01000000000000000000001111001011
01100000000000000000001111001110
01000000000000000000001111001000
01100000000000000000001110101101
00100000000000000000001110110110
00000000000000000000001111001101
00000000000000000000001110111101
01000000000000000000001111011011
00000000000000000000001110001101
01100000000000000000001111001000
00000000000000000000001110100111
01000000000000000000001110100011
00100000000000000000001111010100
01000000000000000000001111001110
00000000000000000000001111010101
01100000000000000000001111010001
01100000000000000000001110011100
00100000000000000000001110010010
01000000000000000000001110110001
00100000000000000000001110001100
00000000000000000000001111100111
00000000000000000000001111010001
01100000000000000000001110011011
01100000000000000000001110001001
00000000000000000000001111000000
01100000000000000000001111010110
01000000000000000000001110010000
00000000000000000000001110110101
00000000000000000000001110010100
00100000000000000000001110010010
00100000000000000000001110111011
00100000000000000000001111000101
00000000000000000000001110000111
00100000000000000000001111000110
00000000000000000000001110001011
00000000000000000000001110000110
01000000000000000000001110111011
00000000000000000000001110000110
00000000000000000000001111011000
01100000000000000000001111000000
00000000000000000000001110100101
00000000000000000000001111100101
01000000000000000000001110001101
01100000000000000000001110101010
01000000000000000000001110100111
01000000000000000000001110101001
00100000000000000000001111100110
01000000000000000000001110011110
01000000000000000000001111001100
01000000000000000000001110010100
00000000000000000000001110111001
01000000000000000000001111100110
01000000000000000000001110101001
01000000000000000000001110101110
01000000000000000000001110001101
00000000000000000000001111000101
00100000000000000000001110000110
01000000000000000000001110111111
01100000000000000000001110111110
00100000000000000000001110100101
01000000000000000000001111011101
01100000000000000000001111100100
00100000000000000000001110100000
00000000000000000000001110010010
00000000000000000000001110111101
00000000000000000000001110001001
00100000000000000000001110101011
01000000000000000000001110100001
00000000000000000000001111000001
01100000000000000000001111000111
01000000000000000000001110111101
00000000000000000000001110111000
01100000000000000000001111000010
01000000000000000000001110010101
01000000000000000000001110011001
00100000000000000000001110100011
00100000000000000000001111010000
01100000000000000000001110110101
00100000000000000000001110111110
00100000000000000000001110101001
01100000000000000000001111011101
01000000000000000000001110111011
00000000000000000000001110100110
01100000000000000000001111010100
01000000000000000000001110011000
00000000000000000000001111100100
01100000000000000000001110101000
00100000000000000000001110110111
00100000000000000000001110011010
01000000000000000000001110000111
01100000000000000000001111011010
01100000000000000000001110010010
01100000000000000000001110111000
01000000000000000000001111100000
00000000000000000000001111001011
01100000000000000000001110101101
01000000000000000000001110110110
01000000000000000000001111001010
00000000000000000000001110011001
01100000000000000000001111001001
01000000000000000000001111010111
01100000000000000000001110010000
01100000000000000000001110100011
00100000000000000000001110101111
00000000000000000000001111001000
00000000000000000000001111010001
00100000000000000000001110110100
01000000000000000000001111011100
01100000000000000000001110001100
00000000000000000000001111001101
01100000000000000000001111010001
00100000000000000000001111010101
01000000000000000000001111001100
01100000000000000000001110011001
01000000000000000000001111000010
00100000000000000000001111001001
00000000000000000000001110110100
01000000000000000000001110101111
01000000000000000000001110010001
01000000000000000000001111100110
01100000000000000000001110010011
01000000000000000000001111011010
00000000000000000000001111000010
00000000000000000000001110100001
01000000000000000000001110100001
00100000000000000000001111000100
00100000000000000000001111011101
01000000000000000000001111010000
01100000000000000000001110001011
00100000000000000000001110110100
00100000000000000000001110110100
00100000000000000000001111001100
00100000000000000000001110110000
01100000000000000000001110111101
00100000000000000000001110100110
01100000000000000000001110110100
01100000000000000000001111010010
01000000000000000000001111010010
01000000000000000000001110110111
00000000000000000000001110110111
01100000000000000000001110001111
00100000000000000000001111100010
01100000000000000000001111011000
00000000000000000000001111001001
00000000000000000000001111010100
00000000000000000000001111001011
01000000000000000000001110100110
01100000000000000000001111000100
00000000000000000000001111001000
00000000000000000000001111000010
00000000000000000000001111000001
00000000000000000000001110110010
01100000000000000000001111000101
01000000000000000000001110110000
00000000000000000000001111001111
01100000000000000000001111010000
01100000000000000000001110100111
00000000000000000000001110111010
00100000000000000000001111001000
01000000000000000000001110100000
01000000000000000000001110101001
00100000000000000000001110111011
00100000000000000000001111001111
01100000000000000000001110011010
01100000000000000000001110011000
01100000000000000000001111001011
01000000000000000000001110010011
00000000000000000000001111001100
00000000000000000000001110011111
00000000000000000000001110110010
00100000000000000000001110010100
01100000000000000000001110101000
00100000000000000000001111000010
01000000000000000000001110010101
01000000000000000000001110110101
00000000000000000000001110001011
00000000000000000000001111001101
01000000000000000000001111100010
00100000000000000000001110111111
01000000000000000000001111010100
01100000000000000000001110010101
01000000000000000000001111010011
00000000000000000000001111011100
00100000000000000000001111100010
01000000000000000000001110100101
01100000000000000000001111011010
01100000000000000000001111000011
00100000000000000000001111100100
01000000000000000000001110100100
00000000000000000000001110011010
01000000000000000000001111001110
01000000000000000000001110011001
01100000000000000000001111100101
00000000000000000000001111000101
01100000000000000000001111100110
01000000000000000000001111100000
01000000000000000000001111100100
00000000000000000000001110010010
00100000000000000000001111001100
01000000000000000000001110001001
00000000000000000000001110000111
01100000000000000000001111010001
01000000000000000000001111000101
00100000000000000000001110010011
00100000000000000000001110001110
00000000000000000000001110011001
01000000000000000000001110001110
00000000000000000000001111010000
01000000000000000000001110101100
00000000000000000000001111011010
01000000000000000000001110011011
00000000000000000000001111010100
00000000000000000000001111001101
00100000000000000000001111010010
01000000000000000000001110011000
01100000000000000000001110111010
01000000000000000000001110101010
00000000000000000000001110001101
01100000000000000000001111010100
00000000000000000000001110111111
01100000000000000000001110101000
01100000000000000000001111001110
01000000000000000000001111100010
01000000000000000000001111000100
01000000000000000000001111001100
00000000000000000000001110001101
01100000000000000000001110001111
00000000000000000000001111010011
00000000000000000000001110111000
00100000000000000000001111011011
01100000000000000000001110011001
00100000000000000000001110110101
01000000000000000000001110110111
01000000000000000000001111100111
01000000000000000000001111011011
00000000000000000000001110100110
00000000000000000000001111000011
01000000000000000000001110110011
00100000000000000000001110101001
00000000000000000000001110010000
01000000000000000000001111010111
00100000000000000000001111000001
00100000000000000000001110001110
01100000000000000000001110010100
01100000000000000000001111010000
00000000000000000000001110111110
01100000000000000000001111100100
01000000000000000000001110111010
00100000000000000000001110101010
00100000000000000000001110011001
01000000000000000000001110000111
01000000000000000000001110100011
01100000000000000000001110101000
01100000000000000000001111001101
00000000000000000000001111001001
01000000000000000000001111011000
00000000000000000000001111010011
00000000000000000000001110011000
00100000000000000000001111001001
01100000000000000000001110110011
00100000000000000000001110110010
01000000000000000000001110010101
01000000000000000000001111100011
01100000000000000000001110111111
01000000000000000000001110110111
00100000000000000000001111001111
00000000000000000000001110001010
01100000000000000000001111000110
00100000000000000000001111001011
00000000000000000000001110101101
01000000000000000000001111100000
00100000000000000000001110111111
00100000000000000000001111011000
00000000000000000000001111011011
01100000000000000000001110001001
01000000000000000000001110110100
00100000000000000000001111001011
01100000000000000000001111000100
00100000000000000000001110001100
00000000000000000000001110101110
01100000000000000000001110010111
01000000000000000000001110010110
01100000000000000000001110110001
00100000000000000000001110110001
00100000000000000000001110110011
00000000000000000000001111100101
00000000000000000000001110001111
01100000000000000000001110111001
01100000000000000000001110101010
00000000000000000000001111011110
01000000000000000000001110100010
01100000000000000000001111011101
01100000000000000000001110011000
01100000000000000000001110101100
00000000000000000000001110001111
01000000000000000000001110101100
00000000000000000000001111011001
00000000000000000000001110100010
00000000000000000000001110100101
01000000000000000000001110100011
00000000000000000000001110001111
01000000000000000000001110001011
01000000000000000000001110011101
00100000000000000000001111011100
01000000000000000000001111011000
01000000000000000000001110010111
01000000000000000000001110111011
00100000000000000000001111100001
00100000000000000000001111100001
01000000000000000000001110111111
01000000000000000000001110111110
01100000000000000000001111010100
01000000000000000000001110001111
01100000000000000000001110010001
01000000000000000000001111010110
00100000000000000000001111010010
01000000000000000000001110100011
00000000000000000000001111100110
01100000000000000000001111100010
00000000000000000000001110100101
00100000000000000000001111000111
00100000000000000000001110100101
00100000000000000000001111011101
01000000000000000000001110110010
00000000000000000000001111100000
00100000000000000000001110110000
00000000000000000000001111000011
00100000000000000000001111010010
00100000000000000000001111001010
00000000000000000000001111100100
01000000000000000000001110000111
01000000000000000000001110100000
01000000000000000000001111000001
00100000000000000000001110011110
01100000000000000000001110111101
01000000000000000000001111011000
00100000000000000000001111100110
00100000000000000000001110010000
00000000000000000000001111010110
00100000000000000000001110010100
01000000000000000000001111011100
01000000000000000000001110011100
01000000000000000000001111001110
01000000000000000000001110110010
00000000000000000000001110011111
00100000000000000000001110100110
00000000000000000000001111001011
00000000000000000000001110111010
00000000000000000000001111000110
00100000000000000000001110100011
00000000000000000000001110101001
00100000000000000000001111100011
01000000000000000000001110010011
11111111111111111111111111111111
00000000000000000000000100010111
00000000000000000000001110001110
00000000000000000000001110100110
01000000000000000000001110110111
00000000000000000000001111010011
00000000000000000000001111100110
00100000000000000000001110110010
00000000000000000000001110010110
00100000000000000000001110110010
10000000000000000000001101101001
00100000000000000000001110110010
00100000000000000000001110101110
01000000000000000000001111011111
01000000000000000000001110111011
00100000000000000000001110101110
00100000000000000000001110001010
01000000000000000000001110010110
10000000000000000000001101101000
01000000000000000000001110100100
01000000000000000000001111100000
00000000000000000000001111010011
00000000000000000000001110110111
01000000000000000000001110100110
00100000000000000000001110111011
00000000000000000000001110111011
01000000000000000000001111011111
00000000000000000000001110111011
00000000000000000000001110100100
01000000000000000000001111010011
01000000000000000000001110001010
00100000000000000000001110010110
10000000000000000000001011111110
01000000000000000000001110111011
10000000000000000000001010010010
00100000000000000000001110001110
00100000000000000000001111011111
01000000000000000000001110100100
00000000000000000000001111010011
00000000000000000000001110110111
01000000000000000000001110110010
00000000000000000000001111010011
00000000000000000000001100000111
00100000000000000000001110111011
00100000000000000000001110010110
00000000000000000000001110111011
10000000000000000000001100110011
00000000000000000000001110100100
00100000000000000000001111100000
00000000000000000000001111010011
00000000000000000000001110001010
10000000000000000000000100101101
00100000000000000000001110010110
00000000000000000000001110110010
01000000000000000000001110001010
10000000000000000000000110110101
00000000000000000000001111011111
00100000000000000000001110110111
01000000000000000000001111011001
00100000000000000000001110100110
00100000000000000000001110001110
01000000000000000000001110110010
00000000000000000000001110110111
00000000000000000000001110001010
01000000000000000000001110111011
00100000000000000000001111011001
00100000000000000000001110001010
00100000000000000000001111100000
00100000000000000000001110111011
01000000000000000000001110101110
00000000000000000000001110110010
01000000000000000000001110111011
00100000000000000000001111011001
00000000000000000000001111011111
00100000000000000000001110001110
00100000000000000000001110101110
01000000000000000000001110110111
00000000000000000000001110101110
00100000000000000000001110100110
00000000000000000000000100110111
01000000000000000000001111010011
00000000000000000000001110010110
00100000000000000000001111011111
00100000000000000000001110010110
00000000000000000000001110101110
00000000000000000000000010010111
00100000000000000000001110101110
00100000000000000000001110110010
00100000000000000000001110110111
01000000000000000000001110101110
00100000000000000000001110110010
00000000000000000000000000000111
00000000000000000000001100001010
00100000000000000000001110100110
00000000000000000000001110001110
00000000000000000000001111011111
00000000000000000000001110101110
01000000000000000000001111010011
00100000000000000000001110101110
01000000000000000000001110001010
