50
00100000000000000000000000011001
00100000000000000000000000100101
01000000000000000000000000010110
00100000000000000000000000101101
00000000000000000000000000010111
00100000000000000000000000011010
01000000000000000000000000011100
01100000000000000000000000101001
00100000000000000000000000100110
01000000000000000000000000100111
00100000000000000000000000100010
01000000000000000000000000011110
01000000000000000000000000100011
01000000000000000000000000010110
01100000000000000000000000101110
00100000000000000000000000100000
01100000000000000000000000100001
01100000000000000000000000011000
01000000000000000000000000100111
01000000000000000000000000100000
11111111111111111111111111111111
10000000000000000000000000011111
00000000000000000000000000110000
10000000000000000000000000110001
00100000000000000000000000100111
10000000000000000000000000100110
00000000000000000000000000100110
10000000000000000000000000101001
10000000000000000000000000000100
10000000000000000000000000100000
10000000000000000000000000010100
00000000000000000000000000001001
00000000000000000000000000010010
00000000000000000000000000101010
10000000000000000000000000100010
10000000000000000000000000001011
10000000000000000000000000110001
10000000000000000000000000010010
10000000000000000000000000101010
00000000000000000000000000101011
00000000000000000000000000011110
00000000000000000000000000101101
00000000000000000000000000011101
10000000000000000000000000010000
10000000000000000000000000000101
00000000000000000000000000001100
00000000000000000000000000101101
10000000000000000000000000101100
10000000000000000000000000000011
10000000000000000000000000011000
