500
00100000000000000000000110010010
01100000000000000000000101000001
00000000000000000000000001100010
01000000000000000000000101010111
00000000000000000000000010100001
01100000000000000000000011001111
00000000000000000000000100011110
00000000000000000000000001100001
00100000000000000000000101110010
00100000000000000000000111000101
01100000000000000000000011000010
01000000000000000000000001011011
01000000000000000000000001111110
01000000000000000000000011001001
01100000000000000000000010101101
00000000000000000000000010100110
01000000000000000000000110101101
01100000000000000000000101010111
01000000000000000000000001110101
00100000000000000000000001110111
00000000000000000000000100011110
01100000000000000000000100111101
00100000000000000000000100100010
00100000000000000000000001011000
01100000000000000000000111100011
00000000000000000000000011011110
00000000000000000000000101101111
01100000000000000000000100100110
00000000000000000000000111000010
01000000000000000000000001110010
00000000000000000000000100001100
00000000000000000000000101010010
01100000000000000000000101110101
01100000000000000000000001000100
00100000000000000000000011011111
01000000000000000000000011100000
01000000000000000000000011101011
01000000000000000000000001110100
00000000000000000000000100111110
00100000000000000000000110101011
00000000000000000000000101000101
01100000000000000000000101110011
01100000000000000000000001110110
01000000000000000000000111011110
01100000000000000000000001011001
00100000000000000000000110001001
01100000000000000000000010001000
01000000000000000000000011111100
00000000000000000000000100110011
00000000000000000000000110010010
11111111111111111111111111111111
00000000000000000000000100111010
00000000000000000000000001000100
10000000000000000000000000100110
00000000000000000000000011111000
00000000000000000000000011111111
00000000000000000000000001000101
00000000000000000000000111100111
10000000000000000000000100100011
00000000000000000000000111100011
10000000000000000000000111011010
00000000000000000000000011111010
00000000000000000000000111001110
10000000000000000000000001101111
00000000000000000000000000011101
10000000000000000000000000000001
10000000000000000000000110000101
00000000000000000000000011000010
00000000000000000000000100101100
00000000000000000000000111011100
10000000000000000000000001111110
10000000000000000000000000110000
00000000000000000000000010010100
00000000000000000000000110001011
00000000000000000000000100000011
00000000000000000000000011111010
10000000000000000000000001111110
00000000000000000000000001011001
00000000000000000000000100001101
10000000000000000000000011110100
00000000000000000000000101011110
10000000000000000000000110111100
10000000000000000000000101001110
00000000000000000000000110111011
00000000000000000000000010011011
10000000000000000000000110100110
10000000000000000000000001001111
00000000000000000000000010111011
00000000000000000000000111001101
00100000000000000000000101100010
00000000000000000000000010001110
00000000000000000000000000100110
00000000000000000000000001111011
10000000000000000000000100011101
10000000000000000000000001010001
10000000000000000000000111001111
10000000000000000000000010111010
10000000000000000000000011100011
00000000000000000000000000111010
10000000000000000000000111100100
00000000000000000000000001010100
00000000000000000000000010101110
00000000000000000000000001010010
00000000000000000000000010100001
00000000000000000000000001111101
10000000000000000000000001110011
00000000000000000000000011110010
10000000000000000000000001111111
00000000000000000000000010011001
00000000000000000000000110011111
10000000000000000000000111000000
00000000000000000000000011000001
10000000000000000000000010111000
10000000000000000000000101100010
10000000000000000000000001111011
00000000000000000000000010010110
10000000000000000000000000011110
00000000000000000000000000010000
01000000000000000000000110110010
10000000000000000000000010000101
00000000000000000000000101100100
10000000000000000000000101101011
00000000000000000000000001001001
00000000000000000000000110010000
00000000000000000000000111010101
00000000000000000000000100010011
10000000000000000000000110010001
10000000000000000000000000100010
00000000000000000000000010000010
10000000000000000000000100011000
10000000000000000000000111001111
10000000000000000000000111000001
00000000000000000000000111010000
00000000000000000000000000111011
00000000000000000000000001001101
10000000000000000000000101110100
01000000000000000000000001001100
10000000000000000000000101101110
10000000000000000000000101001101
00000000000000000000000010111010
10000000000000000000000111001001
10000000000000000000000011011100
10000000000000000000000010111100
00000000000000000000000111101101
00000000000000000000000001100111
00000000000000000000000000010110
00000000000000000000000100110000
10000000000000000000000011100000
10000000000000000000000110000100
00000000000000000000000010001000
10000000000000000000000100101010
00000000000000000000000101100101
00000000000000000000000001110100
00000000000000000000000111110100
10000000000000000000000110110001
10000000000000000000000110100000
10000000000000000000000100101111
10000000000000000000000101101010
00000000000000000000000000000101
10000000000000000000000011011010
00000000000000000000000000110011
10000000000000000000000101011111
00000000000000000000000000110001
00000000000000000000000100000111
00000000000000000000000010101001
10000000000000000000000010001011
10000000000000000000000111101001
00000000000000000000000110010101
00000000000000000000000000000101
00000000000000000000000110110010
00000000000000000000000100110000
10000000000000000000000011000111
00000000000000000000000000010101
00000000000000000000000010001011
00000000000000000000000011100100
10000000000000000000000111110011
10000000000000000000000111100110
10000000000000000000000101001100
00000000000000000000000100111101
10000000000000000000000111101111
00000000000000000000000011110000
00000000000000000000000111100011
00000000000000000000000110110110
10000000000000000000000000101100
00000000000000000000000011011001
10000000000000000000000010000000
10000000000000000000000100000000
00000000000000000000000100011010
10000000000000000000000111110001
00000000000000000000000101011000
10000000000000000000000000010101
10000000000000000000000000011101
10000000000000000000000000010101
00000000000000000000000000110100
00000000000000000000000111001100
10000000000000000000000100000000
10000000000000000000000010100111
00000000000000000000000101010100
10000000000000000000000101011001
10000000000000000000000010001001
00000000000000000000000110001011
00000000000000000000000000011101
00000000000000000000000101011100
00000000000000000000000101000010
00000000000000000000000110011010
10000000000000000000000100101000
00000000000000000000000110101000
00100000000000000000000011001110
00000000000000000000000101001010
10000000000000000000000001011000
00000000000000000000000110011111
00000000000000000000000111100101
10000000000000000000000000101111
10000000000000000000000010001011
00000000000000000000000110001011
00000000000000000000000011100000
00000000000000000000000011111001
00000000000000000000000101111010
00000000000000000000000001111100
10000000000000000000000001110011
10000000000000000000000001001100
00000000000000000000000010101001
10000000000000000000000111110001
10000000000000000000000101000111
00000000000000000000000011100010
10000000000000000000000101011000
00000000000000000000000000011100
10000000000000000000000001000011
00000000000000000000000101011000
10000000000000000000000010001000
10000000000000000000000011111110
00000000000000000000000011111111
00000000000000000000000110000110
00000000000000000000000110110110
10000000000000000000000000101000
00000000000000000000000101001000
10000000000000000000000101010010
10000000000000000000000110101011
00000000000000000000000011111001
00000000000000000000000111101001
00000000000000000000000100011001
00000000000000000000000110111011
10000000000000000000000000000001
00000000000000000000000000011001
10000000000000000000000001010111
10000000000000000000000100110010
00000000000000000000000100001111
00000000000000000000000000101111
10000000000000000000000010111110
10000000000000000000000100001010
10000000000000000000000000100100
00000000000000000000000101010101
00000000000000000000000010110010
00000000000000000000000001011111
00000000000000000000000101101110
10000000000000000000000110000110
00000000000000000000000111011000
00000000000000000000000100101110
00000000000000000000000011100110
00000000000000000000000000011000
10000000000000000000000010101010
00000000000000000000000010111010
00000000000000000000000000001010
10000000000000000000000101101111
00000000000000000000000110101001
10000000000000000000000101110010
10000000000000000000000000100100
00000000000000000000000101110100
10000000000000000000000010001011
00000000000000000000000011011101
00000000000000000000000000111001
10000000000000000000000011100110
00000000000000000000000101010001
00000000000000000000000110001100
10000000000000000000000001011111
00000000000000000000000010001000
00000000000000000000000000110111
00000000000000000000000001000100
00000000000000000000000111100100
00000000000000000000000001010001
10000000000000000000000110001111
00000000000000000000000110000101
10000000000000000000000010010001
00000000000000000000000100110110
00000000000000000000000001100001
10000000000000000000000001001000
10000000000000000000000010101111
10000000000000000000000101011100
10000000000000000000000011010110
10000000000000000000000110100110
00000000000000000000000111001101
00000000000000000000000100110000
00000000000000000000000000100000
00000000000000000000000111110011
01000000000000000000000101011010
10000000000000000000000111010001
00000000000000000000000100011100
10000000000000000000000101111011
10000000000000000000000010110101
00000000000000000000000111001010
10000000000000000000000100000100
10000000000000000000000000001101
00000000000000000000000101000010
10000000000000000000000010111101
00000000000000000000000001101101
10000000000000000000000010000111
10000000000000000000000101110010
10000000000000000000000110100001
10000000000000000000000011100011
10000000000000000000000101100011
00000000000000000000000010001001
00000000000000000000000111011000
00000000000000000000000100111100
10000000000000000000000100000101
00000000000000000000000110011101
10000000000000000000000111100110
10000000000000000000000110110100
00000000000000000000000000111001
00000000000000000000000101000000
00000000000000000000000010110000
10000000000000000000000000011000
00100000000000000000000010101011
10000000000000000000000101011111
00000000000000000000000111010010
00000000000000000000000010000010
10000000000000000000000011101001
00000000000000000000000110100101
00000000000000000000000010011110
10000000000000000000000001100011
10000000000000000000000110010111
00000000000000000000000010000001
00000000000000000000000011110010
00000000000000000000000000100010
00000000000000000000000000111011
00000000000000000000000010101000
00000000000000000000000001000110
00000000000000000000000101101010
00000000000000000000000110101100
10000000000000000000000101011001
10000000000000000000000001111000
10000000000000000000000100101011
10000000000000000000000000010101
10000000000000000000000110011110
00100000000000000000000101110000
10000000000000000000000001000101
10000000000000000000000000010000
10000000000000000000000111101110
00000000000000000000000110111111
00000000000000000000000100000000
00000000000000000000000011010000
10000000000000000000000101011101
00000000000000000000000100110010
00000000000000000000000001011011
10000000000000000000000101110100
10000000000000000000000001001110
10000000000000000000000010111010
00000000000000000000000001111001
00000000000000000000000010000010
00000000000000000000000111011110
00000000000000000000000110010000
10000000000000000000000010111111
10000000000000000000000000001001
00000000000000000000000010111110
10000000000000000000000111110001
00000000000000000000000010101111
10000000000000000000000011100111
00000000000000000000000001000001
10000000000000000000000011000001
10000000000000000000000011110010
00000000000000000000000011000100
10000000000000000000000110101000
01000000000000000000000001111101
00000000000000000000000100111100
00100000000000000000000001011110
00000000000000000000000110000000
10000000000000000000000001101110
10000000000000000000000001100011
10000000000000000000000010000110
10000000000000000000000101011111
10000000000000000000000010011111
10000000000000000000000110101100
00000000000000000000000001001100
10000000000000000000000011000011
10000000000000000000000011010111
10000000000000000000000011011001
10000000000000000000000000000111
10000000000000000000000011101101
10000000000000000000000100000000
00000000000000000000000011001100
10000000000000000000000101011101
00000000000000000000000010011100
00000000000000000000000100101110
10000000000000000000000111001010
10000000000000000000000001111110
10000000000000000000000000111000
00000000000000000000000001101110
00000000000000000000000000010001
00000000000000000000000111100010
00000000000000000000000001100111
10000000000000000000000111101111
00000000000000000000000111011111
10000000000000000000000110110110
00000000000000000000000101100111
10000000000000000000000101111100
00000000000000000000000110110101
00000000000000000000000110010011
10000000000000000000000111110010
00000000000000000000000100110000
00000000000000000000000000100001
10000000000000000000000000001101
00000000000000000000000001100100
00000000000000000000000011001001
10000000000000000000000011110100
00000000000000000000000010110001
10000000000000000000000010001001
00000000000000000000000100101010
10000000000000000000000001011100
10000000000000000000000110011100
00000000000000000000000100110101
00000000000000000000000001111001
00000000000000000000000100001011
00000000000000000000000110001110
00000000000000000000000001100010
10000000000000000000000001010101
00000000000000000000000010111011
00000000000000000000000100111000
00000000000000000000000000100001
10000000000000000000000110000101
00000000000000000000000000000111
10000000000000000000000111000011
10000000000000000000000100100001
10000000000000000000000000011011
10000000000000000000000111000100
00000000000000000000000101010110
10000000000000000000000101000011
10000000000000000000000100100010
10000000000000000000000011110010
00000000000000000000000010000111
00000000000000000000000001011100
10000000000000000000000011111100
00000000000000000000000001001111
10000000000000000000000101101111
00000000000000000000000100010110
10000000000000000000000000100101
10000000000000000000000100110100
10000000000000000000000100110101
10000000000000000000000101010011
00000000000000000000000100101011
00000000000000000000000100100000
00000000000000000000000011001000
00000000000000000000000001111000
10000000000000000000000101010100
10000000000000000000000100010110
10000000000000000000000110010010
00000000000000000000000001000000
10000000000000000000000001011010
00000000000000000000000100010011
10000000000000000000000000001001
00000000000000000000000000101111
00000000000000000000000010111010
00000000000000000000000111011110
00000000000000000000000001011010
10000000000000000000000111011111
10000000000000000000000000011101
00000000000000000000000110101010
00000000000000000000000010110001
00000000000000000000000001100110
00000000000000000000000001011110
00000000000000000000000110000111
10000000000000000000000000101110
00000000000000000000000101011110
00000000000000000000000000010111
00000000000000000000000001100010
00000000000000000000000101101011
10000000000000000000000111010000
00000000000000000000000011111000
00000000000000000000000110011100
10000000000000000000000110000000
10000000000000000000000101011101
10000000000000000000000101011010
10000000000000000000000100000011
10000000000000000000000000111101
10000000000000000000000010011000
00100000000000000000000101100110
00000000000000000000000001111110
00000000000000000000000110010100
00000000000000000000000011000110
10000000000000000000000001001110
10000000000000000000000000000111
00000000000000000000000000101000
10000000000000000000000010101101
00000000000000000000000100110110
10000000000000000000000010010000
10000000000000000000000000100111
10000000000000000000000101111010
10000000000000000000000100011101
00000000000000000000000100010111
10000000000000000000000001011101
10000000000000000000000101001110
10000000000000000000000110001000
