900
00000000000000000000001010101100
00100000000000000000001101101011
00100000000000000000001100101111
00000000000000000000001000110101
00000000000000000000001000011001
01000000000000000000001000010011
01000000000000000000000111111101
01100000000000000000001000101000
00000000000000000000001011101110
00100000000000000000001101001111
00000000000000000000001010110110
00100000000000000000001001001110
00100000000000000000001010000000
00100000000000000000001010000010
00000000000000000000001001101010
01100000000000000000001000111011
00100000000000000000001000000100
00100000000000000000001011011110
00100000000000000000001010011100
00100000000000000000001010101110
00100000000000000000001011111101
01100000000000000000001101100110
01000000000000000000001010110001
00100000000000000000001000100101
01000000000000000000001011001101
01000000000000000000001010100000
00000000000000000000001001010010
01000000000000000000001000000101
01100000000000000000001101101110
00100000000000000000001000000100
00100000000000000000001100000000
01000000000000000000001010001110
01000000000000000000001101001000
01000000000000000000001001001010
00100000000000000000001100011111
00000000000000000000001100110100
01100000000000000000001010101001
01100000000000000000001010001101
00100000000000000000001001111100
01000000000000000000001000010011
00000000000000000000001101000010
00000000000000000000001010111010
00000000000000000000001011101010
00100000000000000000001011100100
01100000000000000000001100011100
01100000000000000000001010001101
00000000000000000000001101010110
00000000000000000000001101101110
01000000000000000000001100111010
01100000000000000000001101010111
01100000000000000000001001010110
00000000000000000000001101011111
01100000000000000000001101110110
01000000000000000000001010111010
01100000000000000000001011110100
01100000000000000000001001111111
01000000000000000000001000111111
01000000000000000000000111111101
00100000000000000000001000100100
00100000000000000000001100101110
01000000000000000000001010111100
00000000000000000000001000110111
01100000000000000000001000101110
01000000000000000000001011000101
01100000000000000000001000000101
00000000000000000000001010110001
01000000000000000000001100011101
01000000000000000000001100111010
00100000000000000000001011010111
01100000000000000000001010100110
00100000000000000000001010100001
00000000000000000000001101011100
00000000000000000000001000101011
00100000000000000000001100100010
01100000000000000000001101101000
01000000000000000000001100100011
01000000000000000000001011001000
01100000000000000000001011101100
00100000000000000000001001111101
01100000000000000000001100010100
00000000000000000000001010111111
01000000000000000000001011100001
01000000000000000000001010100110
01000000000000000000001010111000
00100000000000000000001101000001
01000000000000000000001000111100
00100000000000000000001010101100
00000000000000000000001101111110
01000000000000000000001010100010
00100000000000000000001101010110
01100000000000000000001011100100
01000000000000000000001001101100
00000000000000000000001001111000
00100000000000000000001000011001
01000000000000000000001100011111
00000000000000000000001100100101
00100000000000000000001010010000
00100000000000000000001001111010
01100000000000000000001001010111
01100000000000000000001000111110
00000000000000000000001101001101
00000000000000000000001010100010
00000000000000000000001010111111
00000000000000000000001100110101
00000000000000000000001010000000
00100000000000000000001000001011
01100000000000000000001000000110
01000000000000000000001010101110
00100000000000000000001101100111
00100000000000000000001000000011
01000000000000000000001110000000
00000000000000000000001100111110
01100000000000000000001100010111
00000000000000000000001101010111
00100000000000000000001000010110
00100000000000000000001010011110
00000000000000000000001001100110
00100000000000000000001000001111
01100000000000000000001010001110
01100000000000000000001010111010
01000000000000000000001010000100
00100000000000000000000111111010
00100000000000000000001001000100
00100000000000000000001001011101
01100000000000000000001101011010
00000000000000000000001100001001
00100000000000000000001010010101
00000000000000000000001100001001
00000000000000000000001010100000
00000000000000000000001101011100
00000000000000000000001001010101
01000000000000000000001010001000
01000000000000000000001011100001
00000000000000000000001100001010
00100000000000000000001101101010
01000000000000000000001100111100
00000000000000000000001010101110
01000000000000000000001101110011
01100000000000000000001010001101
00100000000000000000001011110110
01100000000000000000001001110111
00100000000000000000001100100001
01100000000000000000001100000000
00000000000000000000001000011011
00100000000000000000001001011101
00000000000000000000001000101001
00000000000000000000001100010100
01100000000000000000001100101010
01100000000000000000001000110010
01000000000000000000001010010111
00100000000000000000001000000100
00000000000000000000001000110100
01100000000000000000001011001001
00000000000000000000001101010011
01100000000000000000001001011110
01000000000000000000001011000100
01000000000000000000001000111100
00100000000000000000001010000001
00000000000000000000001101001001
01100000000000000000001000001000
01000000000000000000001011000101
00100000000000000000001010101001
00100000000000000000001001000111
01100000000000000000001100000110
01000000000000000000001011000101
01000000000000000000001000001101
00100000000000000000001001011110
01000000000000000000001010111000
00100000000000000000001001101101
01000000000000000000001101001111
01100000000000000000001001001101
00100000000000000000001010010101
01100000000000000000001011100111
00000000000000000000001000010010
00000000000000000000001100001111
01000000000000000000001011000010
00000000000000000000001100010010
01100000000000000000001011000011
01100000000000000000001010011101
01100000000000000000001000011010
01000000000000000000001000100101
00100000000000000000001011101111
01100000000000000000001001001010
01100000000000000000001100100010
01100000000000000000001010000110
00100000000000000000001010110001
00100000000000000000001001110100
01000000000000000000001000011010
00100000000000000000001101110111
00100000000000000000001001100101
01100000000000000000001010000001
00000000000000000000001100011100
00100000000000000000001011001010
00100000000000000000001010100000
01000000000000000000001000100011
01000000000000000000001011100110
00100000000000000000001011011001
01000000000000000000001001000101
00100000000000000000001011000111
00000000000000000000001000111100
01000000000000000000001011000011
00000000000000000000000111111011
00000000000000000000001001111000
00000000000000000000001001111010
01000000000000000000001010110111
00100000000000000000001010101010
01000000000000000000001101101011
01000000000000000000001001011001
01100000000000000000001001001000
01100000000000000000001100011010
01100000000000000000001010011001
01000000000000000000001010100100
01000000000000000000001010000110
01000000000000000000001101111100
01000000000000000000001101001111
00100000000000000000001001011000
00100000000000000000001000011000
00000000000000000000001001100010
00000000000000000000001000001001
00000000000000000000001100111101
00100000000000000000001001010101
01100000000000000000001001000010
01100000000000000000001011110111
01100000000000000000001011000011
00000000000000000000001000110110
01000000000000000000001000100000
00000000000000000000001010101001
01100000000000000000001100100110
00100000000000000000001011000000
00100000000000000000001011101101
01000000000000000000001011100110
00100000000000000000001010011100
01100000000000000000001101101000
00000000000000000000001000101011
00100000000000000000001101111011
00100000000000000000001101010000
01000000000000000000001000111111
00000000000000000000001101001110
00000000000000000000001000000000
00000000000000000000001001101011
01000000000000000000001010000001
01000000000000000000001001110011
01100000000000000000001000011000
01000000000000000000001010000111
00100000000000000000001101010111
01000000000000000000001011010010
00100000000000000000001100110010
00100000000000000000001010011100
01000000000000000000001100101011
00100000000000000000001001100001
01100000000000000000001011110101
00000000000000000000001010010100
00100000000000000000001000101001
01100000000000000000001001101100
01100000000000000000001011111010
00100000000000000000001001101000
00000000000000000000001011100101
01000000000000000000001001011101
01000000000000000000001001000010
01100000000000000000001101111010
00000000000000000000001011011111
00100000000000000000001001110111
01100000000000000000001011001010
00000000000000000000001001011010
00100000000000000000001101010001
01100000000000000000001000101001
01000000000000000000001101101011
00100000000000000000001101101101
01000000000000000000001010011101
00100000000000000000001010100001
01000000000000000000001010110011
00100000000000000000001100111000
00100000000000000000001001011110
01100000000000000000001001100100
01100000000000000000001001111111
00100000000000000000001101101010
00100000000000000000001011001110
00000000000000000000001011100101
00000000000000000000001001100101
01100000000000000000001001001100
01100000000000000000001100000001
00100000000000000000001011101001
01000000000000000000001000100101
01100000000000000000001110000001
00100000000000000000001011100100
01000000000000000000001101111100
01100000000000000000001010101101
00000000000000000000001010101101
01100000000000000000001011010001
00100000000000000000001000110111
00000000000000000000001100111011
00100000000000000000001011001101
00100000000000000000001001010100
00000000000000000000001100111101
00000000000000000000001101001011
01000000000000000000001001001011
01000000000000000000001000110101
00000000000000000000001010010011
01100000000000000000001100111000
01000000000000000000001011111001
01000000000000000000001100011101
00100000000000000000001100101101
00000000000000000000001101101111
00000000000000000000001000100110
00100000000000000000001101010110
01100000000000000000001100111011
01100000000000000000001001010111
01100000000000000000001010000111
01000000000000000000000111110111
00000000000000000000001101010100
00000000000000000000001010101010
00000000000000000000001010100010
00100000000000000000001101000111
01100000000000000000001101101110
00100000000000000000001001111010
01100000000000000000001001101100
00100000000000000000001000100110
01000000000000000000001010101001
00000000000000000000001001110001
01000000000000000000001101110000
01100000000000000000001001001000
00100000000000000000001011100010
01100000000000000000001011110010
00100000000000000000001011100101
00100000000000000000001010001110
01000000000000000000001000100010
01000000000000000000001011101100
00100000000000000000000111111000
00000000000000000000001100101101
01100000000000000000001000111001
00100000000000000000001100001100
01000000000000000000001011100011
01000000000000000000001001000111
01100000000000000000001100010011
01100000000000000000001001100101
00100000000000000000001010010010
00100000000000000000001011111111
00000000000000000000001101110100
00000000000000000000000111111100
01000000000000000000001010001110
01000000000000000000001000100000
01000000000000000000001011110101
01100000000000000000001101101010
01000000000000000000001100000101
01100000000000000000001011001100
01100000000000000000001000011010
00100000000000000000001011110010
01000000000000000000001100111100
01000000000000000000001110000001
00100000000000000000001000011001
00000000000000000000001001100111
01100000000000000000001010111101
01100000000000000000001001100001
00000000000000000000001010111011
00100000000000000000001000100111
00000000000000000000001010101110
00100000000000000000001100101101
00100000000000000000001100001101
00000000000000000000001100000111
01100000000000000000001100111111
01000000000000000000001101011001
00000000000000000000001011000100
01000000000000000000001001001010
00000000000000000000001101001111
01100000000000000000001010000100
01100000000000000000001011001000
00100000000000000000001100110011
00000000000000000000001101101111
00100000000000000000001011010011
00000000000000000000001001010001
00000000000000000000001100010101
00000000000000000000001011001110
01100000000000000000001011001011
01100000000000000000001001110000
01100000000000000000001101001010
01100000000000000000001100100001
00100000000000000000001000110010
00100000000000000000001010001000
00100000000000000000001011001111
01100000000000000000001001011000
01000000000000000000001100001000
01100000000000000000001000100000
00100000000000000000001001110000
00100000000000000000001010000010
01100000000000000000001101101001
00100000000000000000001101111001
00000000000000000000001101101001
00100000000000000000001001100001
01000000000000000000001010000111
01100000000000000000001011100010
01000000000000000000001100101010
01100000000000000000001000001010
00100000000000000000001100111011
00000000000000000000001100000011
00000000000000000000001000100011
00000000000000000000001010010111
00000000000000000000001001011010
00100000000000000000000111111100
00000000000000000000001001111101
01000000000000000000001001100111
01000000000000000000001001111011
01000000000000000000001101111110
01000000000000000000001101100100
01100000000000000000001101011101
00000000000000000000001100110011
01000000000000000000001010110001
01100000000000000000001000110110
01000000000000000000001001011110
00000000000000000000001011100010
01000000000000000000001001011011
00100000000000000000001000011001
01100000000000000000001100100010
01100000000000000000001101000100
01000000000000000000001011010001
01100000000000000000001100101111
01000000000000000000001001011011
00000000000000000000001101011010
00000000000000000000001101111000
00000000000000000000001011001100
00000000000000000000001011111011
01100000000000000000001101011001
01100000000000000000001001101011
00000000000000000000001000011001
00100000000000000000001011001110
01100000000000000000001100010000
00100000000000000000001010001010
01100000000000000000001001111111
01100000000000000000001011110101
00100000000000000000001010100101
01000000000000000000001010110001
00000000000000000000001001010100
01000000000000000000001010010011
01000000000000000000001001100110
01100000000000000000001000010111
01100000000000000000001100000011
01000000000000000000000111111110
00100000000000000000001011011000
01100000000000000000001011001110
00000000000000000000001011111010
00000000000000000000001110000011
01100000000000000000001001100000
00100000000000000000001010010111
00100000000000000000001100101101
00100000000000000000001100001010
00100000000000000000001101100001
00000000000000000000001011110011
00000000000000000000001101111010
00100000000000000000001000100011
00100000000000000000001010000011
01000000000000000000001001011111
01100000000000000000001001011011
00100000000000000000001010100010
00100000000000000000001001101000
00100000000000000000001100110111
01000000000000000000001001111010
01000000000000000000001100000100
01000000000000000000001011010100
00100000000000000000001000111101
00100000000000000000001001111100
00000000000000000000001010111101
01000000000000000000001001110000
00100000000000000000001010000101
01100000000000000000001011111010
00000000000000000000001100101001
01100000000000000000001101000110
00100000000000000000001011010011
00000000000000000000001011010010
01000000000000000000001101110000
01100000000000000000001010000101
01000000000000000000001010101011
00000000000000000000001011101101
01100000000000000000001101100001
01000000000000000000001010011010
01000000000000000000001011110011
01000000000000000000001001110010
00100000000000000000001001011001
01000000000000000000001101010011
00000000000000000000001100011100
01000000000000000000001011101110
01000000000000000000001100000011
01000000000000000000000111111001
00100000000000000000001010101101
01100000000000000000001011010011
00000000000000000000001001010101
01000000000000000000001101111010
01000000000000000000001001101111
00100000000000000000001010001111
00100000000000000000001101111110
00100000000000000000001101001010
00000000000000000000001010111011
00000000000000000000001100001101
01100000000000000000001100100001
00000000000000000000001000010010
01000000000000000000001001110011
01100000000000000000001011100010
00000000000000000000001000010101
00100000000000000000001011110011
01000000000000000000001101100101
01000000000000000000001001100011
00100000000000000000001001011001
11111111111111111111111111111111
10000000000000000000001010010101
10000000000000000000001001110001
10000000000000000000000010101110
00000000000000000000000011111010
10000000000000000000000010111010
10000000000000000000000111101011
00000000000000000000000110101000
00000000000000000000000011111000
10000000000000000000001101010001
00000000000000000000001001000111
10000000000000000000001100111001
10000000000000000000000100001110
00000000000000000000001101111100
00000000000000000000001010011000
00000000000000000000000101110100
00000000000000000000000111111111
00000000000000000000001000101111
00000000000000000000001101001110
00000000000000000000000000000110
00000000000000000000000111111111
00000000000000000000000110110110
00000000000000000000000111111101
00000000000000000000001000101010
00000000000000000000000100011001
10000000000000000000000000100000
10000000000000000000000000011101
10000000000000000000000101011010
00000000000000000000000100111011
10000000000000000000000100111111
00000000000000000000001010000100
10000000000000000000000111111011
00000000000000000000000100011000
00000000000000000000000001000001
00000000000000000000000111111011
00000000000000000000001101100011
01000000000000000000001010100011
00000000000000000000001000101101
01000000000000000000001100100011
00000000000000000000000101101111
00000000000000000000001101001011
10000000000000000000001001010111
10000000000000000000001100111100
00000000000000000000001101111010
00000000000000000000001000111000
00000000000000000000001101111100
10000000000000000000000111001011
00000000000000000000000100010111
10000000000000000000000101110111
00000000000000000000000011101100
10000000000000000000001101011110
10000000000000000000000110111001
00000000000000000000001000011001
00100000000000000000001100101100
00000000000000000000001000101001
00000000000000000000001010111001
00000000000000000000001101101100
10000000000000000000001100101101
01000000000000000000001001101001
00000000000000000000000001010101
10000000000000000000000110011000
00000000000000000000001001111000
00100000000000000000001100000101
00000000000000000000001000110010
10000000000000000000001000111011
00000000000000000000001101101101
01000000000000000000001010011011
00000000000000000000000110001101
10000000000000000000001010011000
01000000000000000000001101110101
00000000000000000000000001111011
00000000000000000000001101111000
10000000000000000000000001000110
10000000000000000000001000000001
00000000000000000000001011000100
10000000000000000000001001001000
10000000000000000000000001101111
00000000000000000000000101000001
01000000000000000000001010010010
00000000000000000000000110100110
10000000000000000000001010100010
10000000000000000000000110000100
00000000000000000000000100110111
00000000000000000000000110101001
00100000000000000000001001111011
00000000000000000000001001001111
00000000000000000000000111111010
10000000000000000000000001000100
00000000000000000000000111111100
01000000000000000000001100000100
10000000000000000000000110101011
00000000000000000000001000111111
10000000000000000000001010110010
00000000000000000000000010011111
00000000000000000000000101100000
10000000000000000000000010110111
00000000000000000000000100000110
00000000000000000000000011110110
00000000000000000000001011000111
00000000000000000000001100010001
01000000000000000000001000010000
10000000000000000000000001011100
10000000000000000000000010001111
00000000000000000000001011101010
00000000000000000000001010111010
00000000000000000000000110010110
00100000000000000000001011101110
10000000000000000000000111110101
00000000000000000000001100010001
01000000000000000000001001110010
10000000000000000000001011100000
00000000000000000000000101010101
01000000000000000000001011011010
00100000000000000000001101101011
00000000000000000000000110010001
00000000000000000000001011111001
10000000000000000000001010011000
00000000000000000000001101001001
10000000000000000000001000101101
00000000000000000000001001110001
00000000000000000000001011001111
10000000000000000000001101100101
10000000000000000000001011001001
00000000000000000000001011110111
00000000000000000000001000100010
00000000000000000000001011111110
10000000000000000000000000011100
00000000000000000000000010100000
10000000000000000000000100111010
10000000000000000000000010110011
00000000000000000000000010101010
01000000000000000000001101100010
00000000000000000000000100111111
00000000000000000000000001100010
00000000000000000000000110100011
00000000000000000000000001011011
00000000000000000000000110111000
00000000000000000000000010101111
10000000000000000000000101100010
00000000000000000000001010100000
10000000000000000000001010011011
00100000000000000000001101010001
10000000000000000000000101101100
00000000000000000000001100001101
00100000000000000000001010110001
01000000000000000000001000001100
00100000000000000000001010111011
00000000000000000000001110000011
10000000000000000000001100011101
00000000000000000000000000101110
00000000000000000000000010111011
00000000000000000000000110001001
10000000000000000000000011111111
01000000000000000000001101100000
01000000000000000000001000011011
10000000000000000000001010110001
00000000000000000000001100011010
00000000000000000000000111010111
00000000000000000000001101110110
10000000000000000000001101001010
00000000000000000000000101101110
00000000000000000000000100000010
00000000000000000000000100100100
10000000000000000000000111000100
00000000000000000000000100111110
00000000000000000000001100000101
10000000000000000000001011010010
00000000000000000000000111100100
10000000000000000000001101010010
01000000000000000000001001110110
10000000000000000000001011010111
10000000000000000000000100101101
00000000000000000000000111111010
10000000000000000000001100000001
10000000000000000000000000000111
10000000000000000000001110000011
10000000000000000000000001111001
00000000000000000000001010011011
00100000000000000000001000001001
10000000000000000000000101010001
10000000000000000000000001010101
01000000000000000000001011001111
10000000000000000000000111011010
10000000000000000000000000101000
10000000000000000000001001110111
00100000000000000000001101001110
00000000000000000000000110010001
00000000000000000000001101001001
00000000000000000000000010101010
00000000000000000000000111110101
00000000000000000000000100100001
10000000000000000000000000100011
00000000000000000000000101011011
00000000000000000000000100010011
00000000000000000000001100000100
10000000000000000000000001101101
10000000000000000000001110000000
00000000000000000000001000100110
00000000000000000000001000100111
00000000000000000000001000110010
00000000000000000000000010100100
00100000000000000000001101110111
10000000000000000000000101101101
00000000000000000000000010110010
00000000000000000000000000100110
10000000000000000000000010000000
00000000000000000000000000101000
00100000000000000000001010110110
00000000000000000000000010100000
00000000000000000000000100001011
00000000000000000000000111010100
10000000000000000000000101111100
00100000000000000000001001111011
00000000000000000000001010111011
00000000000000000000001001111010
00100000000000000000001100101011
00000000000000000000001011011110
00000000000000000000001101011111
01000000000000000000001010011010
10000000000000000000000010101111
00000000000000000000000101111101
00100000000000000000001101111100
10000000000000000000000010000011
00100000000000000000001010010001
10000000000000000000001000001101
00000000000000000000001001010110
10000000000000000000001001010001
00000000000000000000001101010110
00000000000000000000001101101001
00000000000000000000000101000010
00000000000000000000001100011101
00000000000000000000001101010001
00000000000000000000001001000011
10000000000000000000001100101011
00000000000000000000001011010101
10000000000000000000001101000100
00000000000000000000000001110001
00000000000000000000001101100001
00100000000000000000001101110000
10000000000000000000001000100100
00000000000000000000001101101111
00000000000000000000000110010001
10000000000000000000001011110100
00100000000000000000001010011110
10000000000000000000001001110100
00000000000000000000000001001101
10000000000000000000001010110000
10000000000000000000001000101011
00000000000000000000001011110110
10000000000000000000000010110100
00000000000000000000001101010000
00000000000000000000000110111011
10000000000000000000001010011010
10000000000000000000000101011011
00000000000000000000001001011010
00000000000000000000001101001011
00000000000000000000001001011101
01000000000000000000001001110100
10000000000000000000000101100100
01000000000000000000001001110110
10000000000000000000001011000101
10000000000000000000000011111111
00100000000000000000001010110011
10000000000000000000000001111001
00000000000000000000000001100001
10000000000000000000001101110110
00000000000000000000000010001001
00000000000000000000000101111101
01000000000000000000001001100010
00000000000000000000001011010000
00000000000000000000001001111110
00000000000000000000001011101011
10000000000000000000001101011101
00000000000000000000000010100011
00000000000000000000001010100101
00000000000000000000000111001110
10000000000000000000001010010001
00000000000000000000000011011100
10000000000000000000000000011000
00000000000000000000000011110011
10000000000000000000001100100011
10000000000000000000000011001100
00000000000000000000000000101001
10000000000000000000000111101101
01000000000000000000001011010100
00000000000000000000001010111011
00000000000000000000000110010011
00100000000000000000001001100011
00000000000000000000001001111010
10000000000000000000001101000001
00000000000000000000001011001100
00100000000000000000001110000000
00000000000000000000000010001111
10000000000000000000000000100000
00100000000000000000001001101110
10000000000000000000001101001101
00000000000000000000001100011110
10000000000000000000000111100001
00000000000000000000000100011001
00000000000000000000001001001000
00000000000000000000000011100100
01000000000000000000001011011111
00000000000000000000001011000000
10000000000000000000000010110111
10000000000000000000001101000110
00000000000000000000001101000100
00000000000000000000001011010111
10000000000000000000001000101011
00000000000000000000001001001110
10000000000000000000000000110011
00000000000000000000001001001001
10000000000000000000001010111101
10000000000000000000000100110110
00000000000000000000000000001010
00000000000000000000000011100111
00100000000000000000001011110000
00000000000000000000000110111000
10000000000000000000000001001101
00000000000000000000000010111111
10000000000000000000000001101001
10000000000000000000001100000101
10000000000000000000000100001101
10000000000000000000000010101010
10000000000000000000001101010101
00100000000000000000001101010100
00000000000000000000000001011100
10000000000000000000001101110101
00000000000000000000001100011111
00000000000000000000000110111101
00000000000000000000001000111110
00000000000000000000001000010000
00100000000000000000001101010100
00000000000000000000001001110011
00000000000000000000000000110000
10000000000000000000000000001010
00000000000000000000001001010100
00000000000000000000001101001100
00000000000000000000000000110000
01000000000000000000001011100011
00000000000000000000001010110001
10000000000000000000001001110000
10000000000000000000000100100011
00100000000000000000001100011111
00000000000000000000000111011100
00000000000000000000001000101100
10000000000000000000001101111000
10000000000000000000001100010010
00000000000000000000001100100001
00000000000000000000001001010110
10000000000000000000000110001100
10000000000000000000000101111101
10000000000000000000000101101100
00000000000000000000000110101111
00000000000000000000001010111001
10000000000000000000000010111111
00100000000000000000001000001011
00000000000000000000000110000000
00100000000000000000001001011100
00000000000000000000001001110101
10000000000000000000000000110101
10000000000000000000000000011011
00000000000000000000001101010011
00000000000000000000000100010100
10000000000000000000000111110100
00000000000000000000000001000010
01000000000000000000001001101010
10000000000000000000000000011001
10000000000000000000000101011111
00000000000000000000001000010101
00000000000000000000001101110101
00000000000000000000001100001011
10000000000000000000001100001101
01000000000000000000001010001010
00100000000000000000001100101011
01000000000000000000001100000100
10000000000000000000001101100100
10000000000000000000001001011000
10000000000000000000001001001101
00000000000000000000001100001001
10000000000000000000000100000011
10000000000000000000001011001010
00000000000000000000000010010010
10000000000000000000000101110110
00000000000000000000000101101101
00000000000000000000000101110011
10000000000000000000000010110000
01000000000000000000001100001011
10000000000000000000001010001100
00000000000000000000001010000111
10000000000000000000000101001000
01000000000000000000001101001101
00000000000000000000000001010001
00000000000000000000001000011111
00000000000000000000000010011010
00000000000000000000001011110111
10000000000000000000000100101100
00000000000000000000000000010001
00100000000000000000001000101111
10000000000000000000001011001110
00000000000000000000000001110101
