900
00100000000000000000001100100011
01000000000000000000001000001101
00000000000000000000000011100101
01100000000000000000001001110110
01000000000000000000000101011101
00100000000000000000000110000111
00000000000000000000000010111100
00100000000000000000000010001010
01000000000000000000001000000001
00100000000000000000001010101100
00000000000000000000000001100110
01000000000000000000001010100010
01100000000000000000000100101110
01100000000000000000001001100011
00100000000000000000001101011011
00100000000000000000000101001111
00100000000000000000001000100000
00100000000000000000000111001101
01100000000000000000000111100010
01100000000000000000001011101000
00000000000000000000001100100101
00000000000000000000001101101111
00000000000000000000001011000100
00100000000000000000000101100100
00100000000000000000001001101010
00100000000000000000000001111111
00000000000000000000001001000101
00100000000000000000001010010101
00100000000000000000000101101010
01100000000000000000001010001001
00000000000000000000000010100001
01000000000000000000000100101001
00100000000000000000001011110100
00000000000000000000000101101011
01100000000000000000001001100010
01100000000000000000001101100110
00000000000000000000000111000011
00000000000000000000000010111001
01100000000000000000000001111111
00100000000000000000000101111101
00000000000000000000000011101101
00100000000000000000000011011101
00100000000000000000001000011011
01000000000000000000000010011000
00100000000000000000001001111111
01000000000000000000000100010001
00100000000000000000000110010010
01000000000000000000001000000100
00000000000000000000000111000100
01100000000000000000000101000110
01100000000000000000001101010110
00100000000000000000000101110001
00100000000000000000001010101101
01000000000000000000000110101011
00100000000000000000001000001111
01100000000000000000001101010100
01000000000000000000000111010001
00100000000000000000001000010100
01000000000000000000000010100110
01100000000000000000000101111111
01000000000000000000000100101000
01000000000000000000001010110110
00100000000000000000001011100110
00100000000000000000001011100010
01100000000000000000000100111100
01000000000000000000001101101111
01100000000000000000000100110001
00000000000000000000001100100011
00000000000000000000001101101111
01000000000000000000001101011110
00100000000000000000000110111010
00100000000000000000001011010010
00000000000000000000001101101001
00100000000000000000000001101010
00000000000000000000001100011000
01000000000000000000000011001000
00100000000000000000000010100000
00000000000000000000001100101110
01100000000000000000001100001111
01100000000000000000001001101001
00100000000000000000000101011111
00100000000000000000000110110110
00100000000000000000000101010110
00000000000000000000001001010111
00100000000000000000000101000011
00100000000000000000000101001110
00000000000000000000001010000100
00100000000000000000000101011100
00100000000000000000000110010010
00100000000000000000001010011100
01000000000000000000000110010101
00100000000000000000001011000000
00100000000000000000001001000110
00100000000000000000000001110001
00000000000000000000001100111001
00000000000000000000001010010110
01100000000000000000001100111111
00000000000000000000000010010001
01000000000000000000000101011001
00100000000000000000000111101001
11111111111111111111111111111111
10000000000000000000001011101100
10000000000000000000001010011010
10000000000000000000001000010010
10000000000000000000000001010010
00000000000000000000001100110011
00000000000000000000001001101111
10000000000000000000000111111010
10000000000000000000001000110011
00000000000000000000000000100100
00000000000000000000001010101000
10000000000000000000001000011000
00000000000000000000001101101001
10000000000000000000001001101110
00000000000000000000001000010100
00000000000000000000000101101010
10000000000000000000000001110000
10000000000000000000000010010000
00000000000000000000000001110001
10000000000000000000000000110001
00000000000000000000001000000000
10000000000000000000000011101011
10000000000000000000000100001011
00000000000000000000000101000010
10000000000000000000001011011000
00000000000000000000001011000100
10000000000000000000000110010101
00100000000000000000001100001011
00000000000000000000001001111000
00000000000000000000001100011011
10000000000000000000000100100000
00000000000000000000001000101001
00000000000000000000001001110011
10000000000000000000000010111101
00000000000000000000000010111001
00000000000000000000001100000000
00000000000000000000001011111110
00000000000000000000000000101111
10000000000000000000000010110011
00000000000000000000000001010010
10000000000000000000000101100111
00000000000000000000001010101101
10000000000000000000001001100111
00000000000000000000000101110111
00000000000000000000000011111110
10000000000000000000001101000100
10000000000000000000001001010111
00000000000000000000000000010100
00000000000000000000000010000000
10000000000000000000001101101100
10000000000000000000001010011100
00000000000000000000000110001001
00000000000000000000000011000010
00000000000000000000000101110110
00000000000000000000001000001000
10000000000000000000000001100111
00000000000000000000001011111011
00000000000000000000000111011000
00000000000000000000001010100000
10000000000000000000000100011110
00000000000000000000000101100100
00000000000000000000000010000000
10000000000000000000001100101110
10000000000000000000001100000000
10000000000000000000001101000101
10000000000000000000001101111001
10000000000000000000001010010101
00000000000000000000001001000100
10000000000000000000001011001110
10000000000000000000000011000010
10000000000000000000000110001100
10000000000000000000000001101100
00000000000000000000001011100111
00000000000000000000000010100100
00000000000000000000001010101011
10000000000000000000000100110100
00000000000000000000000101100100
10000000000000000000001010100100
10000000000000000000000101001110
10000000000000000000001001100001
00000000000000000000001010100011
10000000000000000000001101000010
10000000000000000000000101111011
10000000000000000000001000101010
10000000000000000000000111100101
00000000000000000000000110010100
00000000000000000000001000110101
00000000000000000000000111110010
10000000000000000000000000100101
10000000000000000000001101110010
00000000000000000000001001011100
00000000000000000000001001111100
00000000000000000000001100000011
00000000000000000000000111011011
10000000000000000000000011001110
00000000000000000000001000001110
10000000000000000000001010010111
10000000000000000000001011000110
10000000000000000000000100000000
00000000000000000000000011010111
00000000000000000000000011010011
00000000000000000000001001010110
10000000000000000000000000100001
10000000000000000000000101011001
10000000000000000000000110100000
00000000000000000000000110110001
00000000000000000000000001001010
00000000000000000000000111111011
10000000000000000000001101110010
10000000000000000000000101011010
00000000000000000000000100000101
00000000000000000000001011101100
00000000000000000000000000110011
00000000000000000000001101000111
10000000000000000000001000111011
10000000000000000000000100101110
00000000000000000000000001110000
10000000000000000000001101011100
10000000000000000000001000001010
10000000000000000000000111001100
00000000000000000000000011111000
00000000000000000000000010111010
00000000000000000000001011101111
10000000000000000000000011001000
10000000000000000000001011011111
00000000000000000000000101001101
00000000000000000000000101011001
10000000000000000000000010101110
00000000000000000000001010010101
10000000000000000000001000110110
10000000000000000000000000010100
10000000000000000000000110101111
00000000000000000000001001011000
00000000000000000000001100111001
00000000000000000000000011001011
10000000000000000000001110000011
10000000000000000000000100001001
10000000000000000000000101101100
10000000000000000000001010111110
10000000000000000000000100001000
00000000000000000000001100001100
00000000000000000000000001000111
10000000000000000000001011010001
10000000000000000000001101101101
10000000000000000000001000011011
10000000000000000000000111001110
00000000000000000000000011010111
00000000000000000000000101000100
10000000000000000000000010011011
00000000000000000000000100100110
00000000000000000000001010111000
10000000000000000000000000010111
10000000000000000000000000000011
10000000000000000000001100010000
10000000000000000000000011010111
00000000000000000000001010110111
00000000000000000000000110000111
00000000000000000000000110000001
00000000000000000000000011101000
00000000000000000000000000101000
00000000000000000000000010001011
00000000000000000000001010001100
10000000000000000000001100110000
00000000000000000000000101110110
10000000000000000000001000001001
10000000000000000000000000110011
00000000000000000000000110010000
10000000000000000000000001100100
00000000000000000000001001110011
10000000000000000000000111100110
00000000000000000000000101000111
00000000000000000000000111101000
00000000000000000000001100110010
10000000000000000000000100000010
10000000000000000000000100010000
00000000000000000000000101100000
00000000000000000000000100001111
00000000000000000000000010011011
00000000000000000000001100011111
10000000000000000000001011110100
00000000000000000000001001100011
10000000000000000000000010001111
10000000000000000000000100110001
00000000000000000000000001101001
00000000000000000000000111010011
00000000000000000000001001010101
10000000000000000000000100011100
10000000000000000000000000110011
10000000000000000000001001011000
10000000000000000000000110001010
00000000000000000000000111100100
10000000000000000000001101001001
00000000000000000000000010111001
00000000000000000000000111000000
10000000000000000000001001110001
00000000000000000000000111011100
00000000000000000000001100011111
10000000000000000000001010111110
10000000000000000000000100110010
10000000000000000000000011011111
10000000000000000000000011011100
10000000000000000000000000100110
00000000000000000000001100001101
10000000000000000000001001111010
00000000000000000000001010101001
01000000000000000000001010110001
00000000000000000000001000001100
00000000000000000000001010100110
00000000000000000000000110101100
10000000000000000000000011100011
00000000000000000000000011101000
10000000000000000000000001110110
00000000000000000000000011100010
00000000000000000000000110000101
00000000000000000000001000101011
00000000000000000000001011100101
00000000000000000000000111010110
00000000000000000000000000010100
00000000000000000000001001001100
10000000000000000000000101100010
00000000000000000000001100000000
10000000000000000000000100110111
00000000000000000000001001111000
00000000000000000000000000100111
00000000000000000000001101001100
10000000000000000000001010101011
00100000000000000000001001111110
00000000000000000000000000101011
10000000000000000000000001000101
10000000000000000000000010011100
10000000000000000000001101010000
00000000000000000000001010010100
00000000000000000000001100101110
10000000000000000000000001010000
00000000000000000000001011001100
00000000000000000000001011000110
00000000000000000000000011101011
00000000000000000000000010011010
00000000000000000000001011011101
00000000000000000000000100110110
00000000000000000000000110011001
10000000000000000000000011100100
10000000000000000000000000000001
00000000000000000000001011001011
10000000000000000000001100011110
10000000000000000000000111111010
00000000000000000000000010000110
00000000000000000000001000000100
10000000000000000000000101010110
00000000000000000000001000111101
10000000000000000000001001101001
10000000000000000000000001000100
10000000000000000000000001111001
10000000000000000000000110101101
00000000000000000000000011100101
00000000000000000000000111100000
10000000000000000000000010000111
00000000000000000000001101000011
10000000000000000000000011011110
00000000000000000000001000111101
00000000000000000000001001001011
00000000000000000000001101001000
10000000000000000000000110110111
00000000000000000000000001011000
10000000000000000000000011100100
10000000000000000000001011110000
10000000000000000000000011111101
00000000000000000000001000011100
00000000000000000000001001010110
00000000000000000000000111110000
00000000000000000000000010101101
00000000000000000000000011011100
00000000000000000000000101001010
10000000000000000000000100001000
10000000000000000000001101101110
00000000000000000000001010111010
00000000000000000000000101010010
00000000000000000000000111011101
00000000000000000000001100001000
10000000000000000000001110000001
00000000000000000000001100011010
00000000000000000000000010011101
00000000000000000000000000000010
00100000000000000000001010101001
00000000000000000000000001000111
00000000000000000000000000000010
00000000000000000000000011101101
10000000000000000000001011011100
00000000000000000000000110110010
00000000000000000000000011001010
10000000000000000000001010001111
10000000000000000000001010100101
10000000000000000000001100111001
00000000000000000000000111110010
00000000000000000000000000000110
00000000000000000000000110110010
10000000000000000000000001000010
10000000000000000000000110011111
00000000000000000000001001110010
10000000000000000000000010000101
10000000000000000000000011001110
10000000000000000000000101100100
10000000000000000000001001111110
00000000000000000000000100101000
10000000000000000000001010001111
10000000000000000000000001011010
00000000000000000000001001001011
00000000000000000000000000100111
00000000000000000000000111011111
10000000000000000000000111010111
10000000000000000000000100001111
10000000000000000000000111010011
00000000000000000000000011100111
00000000000000000000001001101010
00000000000000000000000000011111
10000000000000000000000111011101
10000000000000000000001011100100
00000000000000000000001011110101
00000000000000000000001011100110
00000000000000000000001000111001
00000000000000000000000111110010
10000000000000000000001001010100
10000000000000000000000101000101
10000000000000000000000000110011
00000000000000000000000111110111
10000000000000000000000100100011
10000000000000000000000111110000
10000000000000000000000000000110
10000000000000000000000001110001
10000000000000000000001101001011
10000000000000000000000100110111
00000000000000000000000011010011
10000000000000000000000010101101
00000000000000000000001010110110
10000000000000000000001010011011
10000000000000000000000001001111
10000000000000000000000011101001
10000000000000000000001011000111
10000000000000000000001100100000
00000000000000000000000111101010
10000000000000000000000010000011
10000000000000000000001010100011
10000000000000000000001011010010
10000000000000000000000010100101
10000000000000000000000010100100
10000000000000000000000011100010
00000000000000000000000010101101
00000000000000000000000111000101
10000000000000000000000001101010
10000000000000000000001010100110
00000000000000000000001011100111
10000000000000000000000101101001
00000000000000000000000010100101
00000000000000000000000011110111
00000000000000000000000111001110
00000000000000000000001000011100
10000000000000000000000100000110
00000000000000000000000010000010
00000000000000000000001010100000
10000000000000000000001011011100
10000000000000000000000010101011
10000000000000000000000011000010
10000000000000000000000010001001
10000000000000000000001100010000
10000000000000000000000101110001
00000000000000000000001100101110
00000000000000000000000011111100
00000000000000000000001011010100
00000000000000000000001001110111
00000000000000000000000011110101
00000000000000000000001010100010
00000000000000000000001011110100
10000000000000000000000011000000
00000000000000000000001101111000
00000000000000000000000111000001
10000000000000000000000000000100
10000000000000000000000001111000
00000000000000000000000010000100
10000000000000000000000011110011
10000000000000000000000110010011
00000000000000000000001100111100
00000000000000000000000000111110
00100000000000000000001011001011
00000000000000000000000011111011
10000000000000000000001011011001
00000000000000000000000011101001
10000000000000000000001101010000
10000000000000000000000011001011
10000000000000000000001011010001
00000000000000000000001100100111
10000000000000000000001011100111
00000000000000000000001000101001
10000000000000000000001011111011
00000000000000000000001001100100
00000000000000000000000000001011
00000000000000000000000110011000
00000000000000000000000111011101
10000000000000000000001000111101
10000000000000000000000001100101
10000000000000000000001010011011
10000000000000000000001101011101
00000000000000000000001001010110
10000000000000000000000001010000
00000000000000000000001100010100
10000000000000000000000100110101
10000000000000000000000000100001
00000000000000000000001010010001
10000000000000000000000000010110
00000000000000000000000101011010
00000000000000000000000011001001
00000000000000000000000110111101
00000000000000000000000011110011
00000000000000000000001000000010
10000000000000000000000001111011
10000000000000000000000001010010
10000000000000000000000110010011
00000000000000000000000110001010
00000000000000000000001001001001
00000000000000000000000000001110
10000000000000000000000010111100
00000000000000000000000101100000
10000000000000000000000110110010
10000000000000000000001000111111
10000000000000000000001101011111
00000000000000000000000000110110
00000000000000000000000001010111
00000000000000000000000011100101
00000000000000000000000101100101
00000000000000000000001110000010
10000000000000000000001011101010
10000000000000000000000011001111
00000000000000000000001000010100
10000000000000000000001010110011
00000000000000000000000001011101
00000000000000000000000101010110
00000000000000000000000010111110
00000000000000000000000111011111
00000000000000000000000001001011
00000000000000000000001000110101
00000000000000000000001001011010
10000000000000000000000101101111
00000000000000000000001010101100
00000000000000000000000000111111
10000000000000000000000001001010
00000000000000000000001000101100
10000000000000000000000001011111
10000000000000000000000111010100
00000000000000000000001001111010
10000000000000000000001100110010
10000000000000000000000000101111
00000000000000000000000001001001
00000000000000000000000101100011
10000000000000000000001000000000
10000000000000000000001000011100
00000000000000000000000000001010
10000000000000000000000111111001
10000000000000000000001011011101
00000000000000000000001000110001
00000000000000000000001010111011
00000000000000000000000001011001
10000000000000000000001100001110
10000000000000000000000111000101
00000000000000000000001000011101
00000000000000000000001011111000
00000000000000000000001100000010
10000000000000000000001100011111
10000000000000000000000001000001
00000000000000000000001000100110
00000000000000000000001000000000
10000000000000000000001101000100
10000000000000000000001101001101
10000000000000000000001000000000
10000000000000000000001100011101
10000000000000000000000000001100
00000000000000000000001011011110
10000000000000000000001101101011
10000000000000000000000011000111
10000000000000000000000111001010
10000000000000000000001101010010
10000000000000000000000101110010
00000000000000000000001000111111
00000000000000000000000001010100
10000000000000000000001100110111
00000000000000000000000011011000
00000000000000000000000011001100
10000000000000000000001100111111
10000000000000000000000101011011
00000000000000000000001101101000
00000000000000000000000001000101
10000000000000000000000000011001
10000000000000000000000001010010
10000000000000000000000111111111
10000000000000000000001000010011
00000000000000000000000001100110
00000000000000000000000000011111
00000000000000000000000111110110
10000000000000000000001010010101
10000000000000000000000100101110
00000000000000000000001000111100
10000000000000000000001011100001
10000000000000000000000011110010
00000000000000000000000010010111
10000000000000000000000101011101
10000000000000000000000111111000
00000000000000000000001100011011
00000000000000000000000011110000
00000000000000000000000100110101
10000000000000000000001100001110
10000000000000000000000111010010
00000000000000000000000110111010
00000000000000000000001101100011
01000000000000000000000100010101
00000000000000000000001001001100
10000000000000000000001011000010
10000000000000000000000011110110
00000000000000000000001110000100
10000000000000000000000110100000
01000000000000000000001100111010
10000000000000000000000101101011
00000000000000000000001100100101
10000000000000000000000101111101
10000000000000000000001001110000
10000000000000000000000100100001
10000000000000000000001000100100
10000000000000000000000101101000
00000000000000000000001100110010
00000000000000000000001100110010
00000000000000000000001000110110
00000000000000000000000111100000
00000000000000000000001101101100
00000000000000000000000110101000
10000000000000000000000010101010
00000000000000000000000000001100
10000000000000000000001011000000
00000000000000000000001010001001
00000000000000000000001100001011
10000000000000000000001001011101
10000000000000000000000010100101
00000000000000000000001001001100
10000000000000000000001100001000
00000000000000000000001001011001
10000000000000000000001110000001
10000000000000000000001001100011
00000000000000000000000111010111
00000000000000000000001010111001
10000000000000000000001010100111
10000000000000000000000001101001
10000000000000000000000001110110
10000000000000000000001000001000
01000000000000000000000010100010
00000000000000000000001001101100
10000000000000000000000110110001
10000000000000000000000011001101
00000000000000000000001101110000
10000000000000000000001000000000
00000000000000000000000011001110
00000000000000000000001101101001
00000000000000000000000001101000
10000000000000000000001011010100
00000000000000000000001101001000
10000000000000000000001000001111
10000000000000000000000001101100
10000000000000000000000000001010
10000000000000000000001001101101
00000000000000000000001000101011
00000000000000000000001010111011
10000000000000000000001001010110
00000000000000000000000100100000
10000000000000000000001010001111
10000000000000000000000011001101
10000000000000000000001010110011
10000000000000000000000000110111
10000000000000000000001011011001
10000000000000000000000010011010
10000000000000000000000101010110
10000000000000000000000001001110
00000000000000000000000000011010
00000000000000000000001000100011
00000000000000000000001000100101
10000000000000000000001100011110
10000000000000000000000011101100
10000000000000000000000111101100
00000000000000000000001100011101
00000000000000000000000011100111
10000000000000000000001001010010
00000000000000000000000000100011
00000000000000000000000111110000
00000000000000000000000011010011
10000000000000000000001010001011
00000000000000000000000101100000
10000000000000000000001100111011
10000000000000000000000111110001
00000000000000000000000010110111
10000000000000000000001100100011
00000000000000000000000010001001
00000000000000000000000011110010
10000000000000000000000011111001
00000000000000000000000001111001
10000000000000000000000101001111
10000000000000000000000010000011
00000000000000000000000001111110
00000000000000000000000000111011
00000000000000000000001001101010
00000000000000000000000101010001
10000000000000000000001001110000
10000000000000000000001101011101
10000000000000000000000101101101
00000000000000000000001011101100
00000000000000000000000011011000
10000000000000000000001101101000
00000000000000000000001010000000
10000000000000000000001010001101
00000000000000000000001000111101
00000000000000000000001001100001
00000000000000000000000000010110
00000000000000000000001101011100
10000000000000000000001100110011
00000000000000000000001100010000
00000000000000000000001010111011
00000000000000000000001000111010
00000000000000000000000100101001
00000000000000000000000101001110
00000000000000000000001011101111
00000000000000000000001010110100
10000000000000000000001010000111
00000000000000000000000010110011
00000000000000000000000000000101
00000000000000000000000001000110
10000000000000000000001000001100
10000000000000000000001100000101
00000000000000000000000010010000
00000000000000000000001000010001
00000000000000000000000111111101
00000000000000000000000111111111
10000000000000000000001011110110
00000000000000000000000111000110
00000000000000000000001001101000
10000000000000000000000001010010
00000000000000000000001011111100
10000000000000000000001010010100
10000000000000000000000110000110
00000000000000000000000011101100
10000000000000000000001000010000
10000000000000000000001100101010
01000000000000000000000111010110
00000000000000000000000001010100
10000000000000000000001010100011
00000000000000000000001001110010
10000000000000000000000100101000
10000000000000000000001011011011
10000000000000000000000111110011
10000000000000000000001011100100
10000000000000000000000000011011
10000000000000000000001100100111
10000000000000000000001101000010
10000000000000000000000011100101
00000000000000000000000110001111
00000000000000000000000111111110
10000000000000000000001011110001
10000000000000000000001100011000
10000000000000000000000001111111
10000000000000000000001101000111
10000000000000000000000010100110
00000000000000000000000110011100
10000000000000000000001001101000
00000000000000000000000101101001
00000000000000000000000011010010
00000000000000000000001101010100
10000000000000000000001010000100
10000000000000000000000111010010
00000000000000000000001000011100
00000000000000000000001101101110
10000000000000000000000110000100
10000000000000000000001100011110
00000000000000000000000010110000
10000000000000000000001100001101
10000000000000000000000000000011
10000000000000000000000110101001
10000000000000000000000001010101
00000000000000000000000010111111
00000000000000000000000111010001
00000000000000000000001100000101
10000000000000000000001011010011
00000000000000000000000010110111
10000000000000000000001001100001
00000000000000000000000101111001
10000000000000000000000000000110
00000000000000000000000100001000
00000000000000000000000001101011
00000000000000000000000100011011
10000000000000000000001001111101
00000000000000000000001011101000
00000000000000000000001101010111
10000000000000000000001101010111
00000000000000000000000010011000
10000000000000000000000101110010
00000000000000000000000111111011
10000000000000000000000110001010
00000000000000000000000000111011
10000000000000000000001000111001
00000000000000000000000100101101
00000000000000000000001011001000
00000000000000000000000100110100
10000000000000000000001101010011
10000000000000000000000011101011
10000000000000000000000001001010
00000000000000000000000100001000
00000000000000000000001100011010
10000000000000000000000101100101
10000000000000000000000100101001
00000000000000000000001001110111
00000000000000000000000110001110
10000000000000000000001011100111
10000000000000000000001010101001
10000000000000000000001011101100
10000000000000000000000101100101
00000000000000000000001100111100
10000000000000000000001010111111
00000000000000000000001000111010
00000000000000000000000101010010
10000000000000000000000000110100
00000000000000000000000111110111
10000000000000000000001100011110
10000000000000000000000011110111
00000000000000000000000010111010
00000000000000000000001010000010
10000000000000000000000110010110
10000000000000000000001011111110
00000000000000000000000100000111
10000000000000000000000100110101
00000000000000000000000111111011
01000000000000000000001000111101
10000000000000000000001001110110
00000000000000000000000110010000
00000000000000000000000111110100
00000000000000000000000000000101
00000000000000000000001010011110
10000000000000000000000011100001
10000000000000000000000011100001
10000000000000000000000101101010
10000000000000000000001100001111
10000000000000000000001010100011
00000000000000000000001000011101
10000000000000000000001001111111
00000000000000000000000000100000
00000000000000000000001001100111
00000000000000000000000010000101
00000000000000000000000000000101
10000000000000000000000010110110
00000000000000000000000010111010
00000000000000000000001000101010
00000000000000000000000101010010
00100000000000000000000011100001
10000000000000000000001000101100
00100000000000000000000110001111
00000000000000000000001010111111
10000000000000000000000100011110
00000000000000000000000101101111
10000000000000000000001000000100
10000000000000000000000110000101
00000000000000000000001101001011
00000000000000000000001000001010
00000000000000000000001101001000
00000000000000000000000100000101
10000000000000000000000101000010
00000000000000000000001000110011
00000000000000000000001010011100
00000000000000000000001101011010
00000000000000000000001100110001
00000000000000000000000011000110
00100000000000000000001011111111
00000000000000000000001001100011
00000000000000000000000001100101
00000000000000000000001000100111
00000000000000000000000000011011
10000000000000000000001101011011
10000000000000000000001010001110
00000000000000000000000010110111
00000000000000000000000110100101
10000000000000000000001000101111
10000000000000000000000010011110
10000000000000000000001010101111
00000000000000000000000100101010
10000000000000000000001101100100
10000000000000000000000000011110
00000000000000000000000010110100
10000000000000000000001000000011
10000000000000000000000100001010
00000000000000000000000001000010
00000000000000000000000101111110
10000000000000000000001100010010
00000000000000000000001101100110
00000000000000000000001010110011
10000000000000000000001000111010
00000000000000000000001000001101
10000000000000000000000011111100
10000000000000000000000000111000
10000000000000000000001100001100
00000000000000000000000101011001
10000000000000000000000111111010
