1000
01000000000000000000001101111000
00000000000000000000001100110100
00100000000000000000000110111111
01100000000000000000001011011100
00000000000000000000001100010011
01000000000000000000001001111011
00000000000000000000001011101111
00100000000000000000001100100101
00100000000000000000000110010011
00100000000000000000000111001101
01000000000000000000000101001101
00000000000000000000000111001101
00000000000000000000001000111011
00000000000000000000001010101000
00000000000000000000001110001100
01000000000000000000001101100111
00000000000000000000000110011010
00000000000000000000001011011000
00000000000000000000001010011001
00100000000000000000000100111010
00100000000000000000001101110111
00000000000000000000001010000101
00100000000000000000000100101111
00000000000000000000000100111100
00000000000000000000001010000001
01000000000000000000001110001111
01100000000000000000000101000110
01100000000000000000000101010010
01100000000000000000001000001101
00000000000000000000000110110100
00000000000000000000001010001000
01100000000000000000001000101001
01100000000000000000001100011010
00000000000000000000000110010110
00000000000000000000000110100001
01100000000000000000001101111001
00000000000000000000000111111010
00000000000000000000001000111101
01000000000000000000000110000100
00000000000000000000001011101110
00100000000000000000001100100101
01000000000000000000000100111011
00100000000000000000000110100101
01100000000000000000001001001101
00100000000000000000001011111000
00100000000000000000001111011111
00000000000000000000001100010100
01000000000000000000001110101101
01100000000000000000000100111011
01100000000000000000000101111100
01100000000000000000000111000101
01000000000000000000001101011111
01000000000000000000000101100111
00100000000000000000001010010111
00000000000000000000000101000001
00000000000000000000000100111101
01000000000000000000000110100010
01000000000000000000000110101111
01000000000000000000001111100100
01100000000000000000001001010010
01000000000000000000001010011010
00000000000000000000001000100010
00100000000000000000001010101000
01100000000000000000001101001111
01100000000000000000000101001010
00100000000000000000001100000100
01100000000000000000001101111100
00100000000000000000001000100100
01100000000000000000001011001111
01100000000000000000001000001110
00000000000000000000001011011110
00100000000000000000001010000100
00000000000000000000001001100100
00100000000000000000000101001001
00000000000000000000000111100100
01100000000000000000001110000011
00100000000000000000001100000100
00000000000000000000001110000001
00000000000000000000001111100001
01100000000000000000000110011001
00000000000000000000000111010000
01000000000000000000000101110110
00100000000000000000000101111111
00100000000000000000001011111110
01100000000000000000001100110110
01100000000000000000001010110100
00100000000000000000001110101001
00100000000000000000001111100101
01000000000000000000001100111100
01100000000000000000001001101001
00000000000000000000001000011001
01100000000000000000000111111100
01100000000000000000000111110010
00100000000000000000001000111000
00000000000000000000001110010110
00100000000000000000001100110010
01100000000000000000001001010010
01100000000000000000001110010000
00100000000000000000000101000000
00000000000000000000001011001110
01000000000000000000001111001000
01100000000000000000000110110010
01000000000000000000001101010101
01100000000000000000000110100011
01000000000000000000001100011010
00000000000000000000001011010101
01000000000000000000001110101000
00000000000000000000001110110110
00000000000000000000001110001110
01100000000000000000001110101101
01100000000000000000000111001001
00100000000000000000000110110110
01000000000000000000001111000000
01100000000000000000001100100011
01100000000000000000001100000111
00000000000000000000001100101010
01100000000000000000000100111001
01000000000000000000000111101000
01000000000000000000000101110001
01100000000000000000001001111001
01000000000000000000001000110011
00100000000000000000001100101010
00100000000000000000001000111100
01000000000000000000001100101101
00000000000000000000001010101010
01100000000000000000001100111000
01100000000000000000001101110101
01100000000000000000001100001111
00100000000000000000001100100111
01100000000000000000001010111001
01000000000000000000001110100001
00100000000000000000001000110101
00000000000000000000000111111000
00100000000000000000000111101001
01000000000000000000001101000011
01000000000000000000001111000011
00000000000000000000001000101010
00100000000000000000001001001000
01100000000000000000000111001110
01100000000000000000001000101001
01100000000000000000001110110111
00000000000000000000001000110011
01000000000000000000001010001000
00000000000000000000000111001111
01000000000000000000001111011101
00100000000000000000001011011001
01100000000000000000001101001110
00100000000000000000001011110000
01100000000000000000001010110001
01000000000000000000001100011011
01000000000000000000001010001111
01100000000000000000001010010110
01000000000000000000001100000111
00000000000000000000001001011010
01000000000000000000001110011011
00100000000000000000000110110110
00000000000000000000000100110011
01100000000000000000001001100000
00100000000000000000000101100100
01100000000000000000001010001110
00000000000000000000001010011101
01100000000000000000000110111000
01100000000000000000000110110001
01000000000000000000000110010001
00100000000000000000000101111010
00000000000000000000001001110011
01000000000000000000000110010000
01000000000000000000001100000111
00100000000000000000001101011100
01100000000000000000001101011111
01100000000000000000001101100111
01100000000000000000001000100100
00100000000000000000000111001101
01100000000000000000001110100010
01100000000000000000000111110101
00100000000000000000001110110100
01000000000000000000001010110101
00100000000000000000001110110000
01100000000000000000001111011111
00000000000000000000001010000010
00100000000000000000001011010111
01100000000000000000001010011011
01000000000000000000001001010110
00000000000000000000001101000101
00000000000000000000001100101100
00100000000000000000001100000001
01000000000000000000000111110011
00100000000000000000001100000111
00000000000000000000001011011100
00000000000000000000001110101101
01000000000000000000001110110011
00100000000000000000001100010011
00100000000000000000001101000100
00100000000000000000001011101011
01000000000000000000000101000101
00100000000000000000001100111100
00100000000000000000000111001111
00000000000000000000000101111110
00100000000000000000000101111000
00000000000000000000001100001011
00100000000000000000001110010101
01000000000000000000001010101000
01000000000000000000001100101001
00000000000000000000001100110111
01000000000000000000001010001100
01000000000000000000001101011010
00000000000000000000001011101011
01100000000000000000001011000011
00100000000000000000001000011101
00100000000000000000001001001100
01100000000000000000000111010000
01100000000000000000001111001110
01100000000000000000001100101010
01000000000000000000001100101100
00000000000000000000001110010011
01000000000000000000000111001101
01000000000000000000000110001010
01100000000000000000000101000001
00100000000000000000001000101010
01100000000000000000001100111110
01000000000000000000001110100011
01000000000000000000000101111100
01100000000000000000000110100001
01100000000000000000000110001100
00100000000000000000001111001100
00000000000000000000001000111110
00100000000000000000000111000001
01000000000000000000001011010000
00000000000000000000000111000011
00100000000000000000000101011110
00000000000000000000001000110000
01100000000000000000001101000010
00000000000000000000001110111100
01100000000000000000001110111100
00100000000000000000001010001100
01100000000000000000001100010001
01000000000000000000000110001000
01100000000000000000001100110001
00000000000000000000000101100110
01000000000000000000001100111011
01100000000000000000001100010100
01100000000000000000000101110101
00100000000000000000001110101111
00000000000000000000000110010011
00000000000000000000000111000010
01000000000000000000001111010111
01000000000000000000000110111110
01000000000000000000001010000100
01100000000000000000000101010110
01000000000000000000001001100110
01100000000000000000001001101100
01000000000000000000001000001100
00000000000000000000000101000010
00100000000000000000001011001111
01000000000000000000000101010111
01100000000000000000001000111110
00100000000000000000000110011001
00100000000000000000000111101010
01100000000000000000001110101110
01100000000000000000001010101001
01100000000000000000001110010010
00000000000000000000001011111100
00100000000000000000001111000110
01100000000000000000000111010011
01100000000000000000001101101111
00100000000000000000001101001101
01100000000000000000001000000111
01000000000000000000000101100111
01000000000000000000001110100101
00100000000000000000001110110000
00000000000000000000001011010110
01000000000000000000001100110010
00000000000000000000000111111010
01000000000000000000001100011111
01100000000000000000000101000101
01000000000000000000001100001100
00100000000000000000001100000000
01100000000000000000001000110110
00000000000000000000000111101101
01000000000000000000001011011001
01100000000000000000000101110110
01000000000000000000001010010100
00100000000000000000001000101100
01100000000000000000001111100010
01000000000000000000001001111001
00100000000000000000000111011110
00100000000000000000001000011011
00000000000000000000000111110000
00000000000000000000001100011001
01100000000000000000001100101000
00100000000000000000001110001111
01000000000000000000001111010110
00100000000000000000001100000011
00000000000000000000001100110111
01000000000000000000001011011101
00000000000000000000001110100100
00100000000000000000001111100010
00000000000000000000001000111011
00000000000000000000001100010000
01100000000000000000000101011011
11111111111111111111111111111111
10000000000000000000000111101001
00000000000000000000001000101001
00000000000000000000001000001111
10000000000000000000001101110001
10000000000000000000001101101110
10000000000000000000000101001111
10000000000000000000001110110001
10000000000000000000001101011110
00000000000000000000001101100001
00000000000000000000001101101111
10000000000000000000001100111001
00000000000000000000000111111101
00100000000000000000001000011010
00000000000000000000001110100101
00000000000000000000001001110101
00000000000000000000001011110101
10000000000000000000001000000011
00000000000000000000000110000100
10000000000000000000000010101101
00000000000000000000000000011011
01000000000000000000001100011101
00000000000000000000000010100011
00000000000000000000001100011010
10000000000000000000000001111110
00000000000000000000001011000010
00000000000000000000001011110111
00000000000000000000001010010011
10000000000000000000001110101100
00000000000000000000001101000111
01000000000000000000001001100001
00000000000000000000001001000110
10000000000000000000001111011011
00000000000000000000000111101111
00000000000000000000001100000001
10000000000000000000000001111101
10000000000000000000000101111000
00000000000000000000001100000110
01000000000000000000001111001001
10000000000000000000000010101001
00000000000000000000001011001011
00000000000000000000001111100100
01000000000000000000001001101000
10000000000000000000001110111101
10000000000000000000000000011000
10000000000000000000001101101111
00000000000000000000001110000100
00100000000000000000001010111010
10000000000000000000000101111000
10000000000000000000001010110111
00000000000000000000000010100111
10000000000000000000000000010010
10000000000000000000001110011111
10000000000000000000001010101001
00000000000000000000000100100011
10000000000000000000000110100110
10000000000000000000001001001100
00000000000000000000000010100000
10000000000000000000000101001000
10000000000000000000000010001110
00000000000000000000000001101011
00000000000000000000001011100111
00000000000000000000000010111110
00000000000000000000001010111001
00000000000000000000000100110110
10000000000000000000001001000001
00000000000000000000001000000111
10000000000000000000001101000010
00000000000000000000001101000000
00000000000000000000001110000001
00000000000000000000000001111000
10000000000000000000001011010001
00000000000000000000000000010001
00000000000000000000001000111111
01000000000000000000001101110010
10000000000000000000001011111000
10000000000000000000000001001101
00000000000000000000001011100001
10000000000000000000000110101000
10000000000000000000000101011110
01000000000000000000001110111011
10000000000000000000000101010110
00000000000000000000001001101000
00000000000000000000000110111111
10000000000000000000000111100011
00000000000000000000000011110110
10000000000000000000001000000000
00000000000000000000000101100001
10000000000000000000001001001010
00000000000000000000000111000100
10000000000000000000001000101100
00000000000000000000000000001001
00000000000000000000001001010101
00000000000000000000001010011011
00000000000000000000000110100001
00000000000000000000001110000100
00000000000000000000001101010100
10000000000000000000000111001101
00000000000000000000000011111010
00000000000000000000000001001111
00000000000000000000000101100001
10000000000000000000000100100000
00000000000000000000001001001100
00000000000000000000000111110000
00000000000000000000000110101000
00000000000000000000001111011100
00000000000000000000001000110010
00000000000000000000001110001010
10000000000000000000001110110011
00100000000000000000000101010001
00000000000000000000001000001010
00000000000000000000000111010100
00000000000000000000000010010010
00000000000000000000000010010000
00000000000000000000001001011101
10000000000000000000001001100011
00000000000000000000001010110001
00100000000000000000001100001100
00000000000000000000000001011011
01000000000000000000000110101001
00000000000000000000001001110000
00000000000000000000000101110101
00000000000000000000000101101000
00000000000000000000000101110111
10000000000000000000000111011001
00000000000000000000001000011001
00000000000000000000001100010110
00000000000000000000001001011111
00000000000000000000000011110000
10000000000000000000000011101101
10000000000000000000001010111011
10000000000000000000000110000100
00000000000000000000000101010000
01000000000000000000001111000110
00100000000000000000001101010111
10000000000000000000001110010110
10000000000000000000000001001001
00000000000000000000001101011100
00000000000000000000001001010011
00000000000000000000001101100101
00000000000000000000001010001111
10000000000000000000001011110100
10000000000000000000001111010110
10000000000000000000001101100100
00000000000000000000000101111111
10000000000000000000000011111110
10000000000000000000001011111110
00000000000000000000001111100001
10000000000000000000000111110111
00000000000000000000001101110010
00000000000000000000001101111000
00000000000000000000001011110111
00000000000000000000001010110110
00000000000000000000001001000000
00000000000000000000001111000100
10000000000000000000000100010010
10000000000000000000001100110100
01000000000000000000000110001000
10000000000000000000000100101000
10000000000000000000001011100000
00000000000000000000000010011000
10000000000000000000000100100111
01000000000000000000001110100011
10000000000000000000000001101000
00100000000000000000001010111011
10000000000000000000001001000100
00000000000000000000001110000011
01000000000000000000001100000110
00000000000000000000001000101000
10000000000000000000001111001110
10000000000000000000001111100100
10000000000000000000000001101010
00000000000000000000000011100010
00000000000000000000001010001100
10000000000000000000001100001111
10000000000000000000000011001000
00000000000000000000000110100110
10000000000000000000001100001000
00000000000000000000000001000001
10000000000000000000001001111001
10000000000000000000001001111000
00000000000000000000001101010000
10000000000000000000000011010110
10000000000000000000001111001101
00000000000000000000000100101010
10000000000000000000001010111110
00000000000000000000000110001100
10000000000000000000000011111111
10000000000000000000000011111001
00000000000000000000000100011001
00000000000000000000001000100001
00000000000000000000001110011001
00000000000000000000001001111110
00000000000000000000000001111010
10000000000000000000000001001111
00000000000000000000000100111101
00000000000000000000001101101111
00000000000000000000000101001000
01000000000000000000001100110100
10000000000000000000001100111100
00000000000000000000001101001011
00000000000000000000000110111101
00000000000000000000000011111110
00000000000000000000001011100011
00000000000000000000000000101101
10000000000000000000001110110001
00000000000000000000000100101010
10000000000000000000001111010110
01000000000000000000001010101100
10000000000000000000001110010111
00000000000000000000001101100111
10000000000000000000001011001010
00000000000000000000001100100011
10000000000000000000000101000011
10000000000000000000000011011110
00000000000000000000000001010111
00000000000000000000001001110110
10000000000000000000000000010101
00000000000000000000001011100111
00100000000000000000000111100011
00000000000000000000000111011100
00000000000000000000001000100011
10000000000000000000001000000100
10000000000000000000000000010111
10000000000000000000000011001000
01000000000000000000001010000010
01000000000000000000001101010011
00000000000000000000000110110011
00000000000000000000000101100101
10000000000000000000001111010000
10000000000000000000000000001011
00000000000000000000000100110011
00000000000000000000001111101000
10000000000000000000000010010001
00000000000000000000000110111100
10000000000000000000001011000111
00000000000000000000001001000111
10000000000000000000001100010000
00000000000000000000000000110000
10000000000000000000000010011101
00000000000000000000001111000001
10000000000000000000000100010101
00000000000000000000000001110010
10000000000000000000000001001101
10000000000000000000000111001101
00000000000000000000000010010001
00000000000000000000001110101010
00000000000000000000001100010011
00100000000000000000001011000100
10000000000000000000001110101101
00000000000000000000000011101110
00000000000000000000000001011110
00000000000000000000001111010000
00000000000000000000000101111010
10000000000000000000000110111101
10000000000000000000001000100111
10000000000000000000000011101001
00000000000000000000000111101011
10000000000000000000001010100001
00000000000000000000001000011111
10000000000000000000000111110110
10000000000000000000000001111110
00000000000000000000000110001011
10000000000000000000001010010000
00000000000000000000000101000010
00000000000000000000001110001010
01000000000000000000000110011011
00000000000000000000001100000111
00000000000000000000000100101010
10000000000000000000000011100111
00000000000000000000001100110011
10000000000000000000001101111000
00000000000000000000000100010100
10000000000000000000000010110010
00100000000000000000001110011000
00000000000000000000000001111111
10000000000000000000000101100101
00000000000000000000001011000011
00000000000000000000000000100110
10000000000000000000000111000000
10000000000000000000000110101000
00000000000000000000000110110101
10000000000000000000001111100101
00000000000000000000000100000000
00000000000000000000000011010110
10000000000000000000000110101001
00000000000000000000000110111101
00000000000000000000001110000010
10000000000000000000001000100001
00100000000000000000001110110011
00000000000000000000000110011011
00000000000000000000000111010011
10000000000000000000000010001001
10000000000000000000000010011100
00000000000000000000001101101001
10000000000000000000000001101110
00000000000000000000001100011111
10000000000000000000000010110111
00000000000000000000001000111010
00000000000000000000001110111000
00000000000000000000001000000100
10000000000000000000001100110100
00000000000000000000000110110001
10000000000000000000000011001101
00000000000000000000001011110011
10000000000000000000001101110000
00000000000000000000000110010011
00000000000000000000001111010001
00100000000000000000000111010010
00000000000000000000000001111010
10000000000000000000000100010001
10000000000000000000001001000000
00000000000000000000000000010110
00000000000000000000001101100111
10000000000000000000000000001111
00000000000000000000000000110000
00000000000000000000001100101100
00100000000000000000000101001111
10000000000000000000000110010000
00000000000000000000000000111001
00000000000000000000000110010111
10000000000000000000001000010000
10000000000000000000000000000101
10000000000000000000001111001000
10000000000000000000000101100111
10000000000000000000000000011011
00000000000000000000001100011010
10000000000000000000001010010000
00000000000000000000000000101001
10000000000000000000001001001000
10000000000000000000000100010100
10000000000000000000001110100001
10000000000000000000001001111000
00100000000000000000001011100101
00000000000000000000000111110101
10000000000000000000001000101110
10000000000000000000001100001100
10000000000000000000001000101011
00000000000000000000001110100000
10000000000000000000000110111100
10000000000000000000001010011111
10000000000000000000000011010101
10000000000000000000001011110000
10000000000000000000000111110100
10000000000000000000000001101111
00000000000000000000001001111111
10000000000000000000001100100110
00000000000000000000001000101100
10000000000000000000001000011111
00000000000000000000001110111001
10000000000000000000001000101000
00000000000000000000000100001101
00000000000000000000001100001101
10000000000000000000001110101111
00100000000000000000001100011111
00000000000000000000000010111011
00000000000000000000001110110101
00000000000000000000000011101011
10000000000000000000001001110001
00000000000000000000001111000000
10000000000000000000000111111101
00000000000000000000001100111101
01000000000000000000001100111011
10000000000000000000001110010110
10000000000000000000000000011010
10000000000000000000001011111110
00000000000000000000001011001111
00100000000000000000001101001000
10000000000000000000001001001110
00000000000000000000001110011100
00000000000000000000000101110110
10000000000000000000000011110100
00000000000000000000001010100100
10000000000000000000001100100111
10000000000000000000001000011001
10000000000000000000001100110110
00000000000000000000001011101110
00000000000000000000000010010110
00000000000000000000000111110110
00000000000000000000000100010101
10000000000000000000000010001110
00000000000000000000000110000000
10000000000000000000001010110000
00000000000000000000001010000100
10000000000000000000001010101110
10000000000000000000001000110100
00000000000000000000001101000101
10000000000000000000001101010011
00000000000000000000000010101111
00000000000000000000001110001001
00000000000000000000001001101110
10000000000000000000000101110100
01000000000000000000001001000101
10000000000000000000001111011000
00000000000000000000000101011010
00000000000000000000001100000110
00000000000000000000001011111010
01000000000000000000001011101001
00000000000000000000001100101011
10000000000000000000001100011101
00000000000000000000000011001000
10000000000000000000001001101001
10000000000000000000001000010000
00000000000000000000001010111000
00000000000000000000000001111111
10000000000000000000000101101100
00000000000000000000001110011001
00000000000000000000000110011111
00000000000000000000001111011100
00000000000000000000001010111010
10000000000000000000000011000110
10000000000000000000001111001001
00000000000000000000000111000111
00000000000000000000001010111101
00000000000000000000001110001000
10000000000000000000001111011001
10000000000000000000001110100100
10000000000000000000000111111011
10000000000000000000000001111110
00100000000000000000001100111100
10000000000000000000001000001011
10000000000000000000001110110100
00000000000000000000001101100001
00000000000000000000001010110110
00000000000000000000000001111000
10000000000000000000000111010101
00000000000000000000001010011000
00000000000000000000000100110101
00000000000000000000000101001100
00000000000000000000001001010000
10000000000000000000001000100110
10000000000000000000001010001010
00100000000000000000001100001010
00000000000000000000000001011010
00000000000000000000000000000111
00000000000000000000000010100011
00000000000000000000000010000011
00000000000000000000001101101011
10000000000000000000001001000110
10000000000000000000000101011100
00000000000000000000001000000011
10000000000000000000001010100001
00000000000000000000000101100010
10000000000000000000000101101011
00000000000000000000001001001001
00000000000000000000000111101110
10000000000000000000000010111101
10000000000000000000000101011101
00000000000000000000000101011011
00000000000000000000000100000101
10000000000000000000001011000011
00000000000000000000001110011001
10000000000000000000001100100000
00000000000000000000000101000001
10000000000000000000000010000001
10000000000000000000000111000000
00000000000000000000001101100100
10000000000000000000000110100110
10000000000000000000000111110011
00000000000000000000001100110100
10000000000000000000001011001111
00000000000000000000001010000110
00000000000000000000001011010101
10000000000000000000001011111101
00000000000000000000000110100110
10000000000000000000001101110110
00000000000000000000001110011011
00000000000000000000001101110101
10000000000000000000001110011001
10000000000000000000001010010110
00000000000000000000000111101001
10000000000000000000000000000101
10000000000000000000000110100011
00000000000000000000000101001100
00000000000000000000001100011100
01000000000000000000001110001000
00000000000000000000001100100111
10000000000000000000001111000100
00000000000000000000001001000001
00000000000000000000000110111011
00000000000000000000001110110101
10000000000000000000001010000001
00000000000000000000001100100100
00000000000000000000001001011011
00000000000000000000000010001011
00000000000000000000000110000001
10000000000000000000001110100100
10000000000000000000000111000101
01000000000000000000001000101110
10000000000000000000000110100010
00000000000000000000001010001110
00000000000000000000000010000011
00000000000000000000001110001000
00000000000000000000000011001010
00100000000000000000001110010001
00000000000000000000000001011110
00000000000000000000001110010011
00000000000000000000000101101100
10000000000000000000000100001101
00000000000000000000000111111000
10000000000000000000001101101011
00000000000000000000001101101101
10000000000000000000000101111000
00100000000000000000001110101001
10000000000000000000001110000101
00000000000000000000000111000100
00000000000000000000001001010101
10000000000000000000000010110011
00100000000000000000000101010111
10000000000000000000000010010000
00100000000000000000000110110100
00000000000000000000000111010100
00000000000000000000001010010001
00000000000000000000001001010000
10000000000000000000001001000100
00000000000000000000001111001000
00000000000000000000000111110110
00100000000000000000001010001010
10000000000000000000001000000101
10000000000000000000001110001101
10000000000000000000000101001011
00000000000000000000001011011100
00000000000000000000001011100011
00000000000000000000001010101101
00000000000000000000001101001101
00000000000000000000001111010110
00000000000000000000000101111000
00000000000000000000000000110000
00000000000000000000001000110001
10000000000000000000001011001110
00000000000000000000000110101100
10000000000000000000001101011111
10000000000000000000000001110101
10000000000000000000000000111110
00000000000000000000001010111101
00000000000000000000001100010111
10000000000000000000001000101011
00000000000000000000001011101111
10000000000000000000001101110111
00000000000000000000001001101000
00000000000000000000000011111010
10000000000000000000000010110010
10000000000000000000001101110101
10000000000000000000000011100000
00000000000000000000000000101111
10000000000000000000001010001100
01000000000000000000001110010001
00100000000000000000001101100011
10000000000000000000001111010100
00000000000000000000001100100000
00000000000000000000001100001010
00000000000000000000000000001110
00000000000000000000001000101101
10000000000000000000000001110100
10000000000000000000000111101010
00000000000000000000000100101000
10000000000000000000000011100011
10000000000000000000001110001010
10000000000000000000001001100100
00000000000000000000000101111001
10000000000000000000001100010101
00000000000000000000001100100000
10000000000000000000000111111111
00000000000000000000001110001001
10000000000000000000000111111010
10000000000000000000000100011000
00000000000000000000000111010101
10000000000000000000001100110011
10000000000000000000001100001111
10000000000000000000000100101001
10000000000000000000000100100111
01000000000000000000001101011101
10000000000000000000001011000111
10000000000000000000001101001100
00000000000000000000001000110111
10000000000000000000000001010100
00000000000000000000001101010111
10000000000000000000000100101111
00000000000000000000001111001011
00100000000000000000001110111000
00000000000000000000001000001110
00000000000000000000001011101101
00000000000000000000000000110001
10000000000000000000001101011110
10000000000000000000001000011011
00000000000000000000001000011000
00000000000000000000001101101101
00000000000000000000000001010000
10000000000000000000001010011110
00100000000000000000000101011101
00000000000000000000001001101101
10000000000000000000000100010010
00000000000000000000001101100100
10000000000000000000001100110010
10000000000000000000000100000110
10000000000000000000000100010011
00000000000000000000000101111001
10000000000000000000000110000000
10000000000000000000001010000100
00100000000000000000001011110011
10000000000000000000001001110111
10000000000000000000000011000000
10000000000000000000000000000110
10000000000000000000000101100001
00000000000000000000001001000000
10000000000000000000001000000011
00000000000000000000001111100111
00000000000000000000001101110001
10000000000000000000000011100001
00000000000000000000000111001111
10000000000000000000001000101110
00000000000000000000000000111010
00000000000000000000001010110111
00000000000000000000000100100000
00000000000000000000000101100001
10000000000000000000000010101000
00000000000000000000001101000100
10000000000000000000001101001010
10000000000000000000000111110000
10000000000000000000000010000001
10000000000000000000001101100100
10000000000000000000000011100000
10000000000000000000001100101101
00000000000000000000000111001100
10000000000000000000000110000001
00000000000000000000000011011000
10000000000000000000000110000100
10000000000000000000000011110110
00000000000000000000000010000100
10000000000000000000001110111101
01000000000000000000001010001011
10000000000000000000000011100110
10000000000000000000001111001010
00000000000000000000001010000100
00000000000000000000000101100100
10000000000000000000000100010010
00000000000000000000000111101100
00000000000000000000000000010111
00000000000000000000001000001111
10000000000000000000001100100000
10000000000000000000001001000111
00100000000000000000000111010001
00100000000000000000000110000001
00000000000000000000000100011111
00000000000000000000001010110100
10000000000000000000001010001111
10000000000000000000000011111100
00000000000000000000001001010011
00000000000000000000000000110001
00000000000000000000000111110101
10000000000000000000001101101010
00000000000000000000001100101111
00000000000000000000000001111110
00000000000000000000001011001111
00000000000000000000001011010100
10000000000000000000000100110111
00000000000000000000001001111100
10000000000000000000000101010100
10000000000000000000001110000010
10000000000000000000000111011011
10000000000000000000001101011011
00000000000000000000001011011111
10000000000000000000001101011111
10000000000000000000000010101110
00000000000000000000000101101000
10000000000000000000000011110101
00000000000000000000000100101001
00000000000000000000001100000110
00000000000000000000001011010011
00000000000000000000000100011000
10000000000000000000000101010101
00000000000000000000001010000000
10000000000000000000001010011000
00000000000000000000000010001111
00100000000000000000001001111011
10000000000000000000001110111100
10000000000000000000000010111000
10000000000000000000001100001100
00000000000000000000001110010001
00000000000000000000000110100111
10000000000000000000000010100000
10000000000000000000000010101100
00000000000000000000001110011011
00000000000000000000000101011000
10000000000000000000000110110011
10000000000000000000000010001011
00000000000000000000001111001011
10000000000000000000001100110011
10000000000000000000001100111011
00000000000000000000001110010110
10000000000000000000001010000111
01000000000000000000001000100001
10000000000000000000001011010100
10000000000000000000001000010110
00000000000000000000001011011011
00000000000000000000000101010110
10000000000000000000000011010010
10000000000000000000000011001011
10000000000000000000001110100110
10000000000000000000001110110010
